VectorTiemposSinRuido
18853
11846
12701
21459
20870
21808
18853
13328
9729
10565
18395
14076
22779
0
18277
10916
1427
5827
13979
9813
6640
11043
21225
10129
19425
15178
18104
17364
9250
9813
6467
7881
15710
5746
175
0
22221
0
13690
12701
9729
4451
1427
14110
632
0
13690
0
0
13531
2282
2914
3636
1427
6467
8195
0
1538
0
0
14118
22221
632
6
3636
10549
13457
2891
15057
12396
22806
0
0
10565
17054
22806
0
0
10916
4451
8129
17364
0
0
0
14666
0
0
9250
0
3569
0
11908
0
11043
0
11426
0
0
18104
3969
18078
3117
18982
118
12658
19193
19698
0
118
0
4660
11557
19400
4339
7810
13835
8048
6
14273
89
17064
10405
453
13881
3155
4059
14273
10820
16163
4660
4660
18073
12420
2183
12658
10405
15504
0
3617
3069
2183
12944
16163
13352
9535
18982
16660
14495
13679
3617
16867
19822
5158
15612
3587
18073
13386
11557
12944
20111
45
15992
4660
382
19698
10582
20820
118
15760
4734
11294
8602
3478
11557
8048
0
4812
9560
2183
7810
15486
3111
11557
851
382
4397
3063
4502
5078
18723
6202
5554
2837
3617
4397
13835
18909
4812
10667
12626
15384
10567
7761
9022
15875
16720
10567
22057
18005
15630
13509
20918
15630
2414
1951
9241
3657
20403
22422
9241
8725
13007
12626
13256
1793
13361
20918
12719
14751
18288
18005
11490
11490
21505
21391
18589
3675
0
8371
2778
13260
0
0
13802
0
67
10567
2778
4423
18973
5724
17888
5672
12690
0
284
13007
12225
1951
1054
15483
21528
13581
14746
13758
12725
20918
16720
18589
0
0
7527
12098
67
12719
0
18589
0
0
0
15205
2775
21409
18288
3129
284
18973
8371
0
21882
0
20403
11091
16367
0
1490
21882
0
13758
4852
14578
17189
10237
3858
16786
12169
13539
416
4483
327
14166
13319
16296
12882
18800
284
6425
3440
12860
4452
16389
13228
17028
327
4452
15521
12006
15307
118
12356
2409
2929
12318
11567
13300
10434
2763
16338
17028
15954
3440
18752
16245
11567
19665
16338
20240
14867
3725
20421
335
416
261
4942
2982
14551
9119
18752
15954
13126
166
261
13126
14867
16338
14893
17028
327
4088
10434
4282
5001
4926
1925
16786
4737
10274
20243
19955
14098
13228
11786
16245
11883
13300
12126
1330
14071
14166
12086
5339
13374
15340
2448
17028
5873
15163
3932
14098
17345
2378
16934
0
3122
1970
21162
19850
20240
2
14097
20008
17346
13642
0
3718
5012
2539
14796
4214
5504
1563
16602
1047
10487
2
11845
2085
5309
20004
4911
3122
388
17346
16549
1047
20128
11048
0
2
17024
20184
0
12005
20585
20585
3718
11619
0
16542
12702
1769
11604
11486
16597
11545
4911
9155
16157
10193
19105
5589
950
1769
17105
3460
11915
12790
13763
10488
12820
1618
10679
1769
56
11915
20269
17057
10722
2
19105
14097
0
2085
11000
13763
14097
17162
2378
17113
4911
17345
0
18024
10722
19850
2
0
2378
10409
11125
11525
11222
10500
10580
17093
18419
17068
0
9830
11111
16916
4849
17336
8646
10129
4107
6880
11216
721
9323
4470
10430
11006
11922
14112
13284
11791
11791
5404
11132
3611
3611
14320
5809
17507
19490
0
4413
4107
15393
16448
17738
10127
10500
0
10129
0
6044
0
7992
16157
16127
3611
17507
4470
15502
516
10846
17507
16080
4928
5643
0
14320
16061
4431
9037
0
14119
14192
11424
905
1834
14910
16157
14320
2397
636
9830
2397
17310
11050
3611
9037
17817
0
2268
5404
19490
17817
16916
16248
15018
16860
19023
4339
5809
14790
6044
13029
0
4048
11050
2558
0
0
13273
16034
16938
0
0
7265
15911
0
5582
14499
13029
8102
7265
14382
16783
10812
15029
9983
4207
19771
106
2341
20121
0
18914
16534
20502
16220
16938
6047
384
14137
17075
9983
12313
12679
15338
10779
17075
11404
6047
17891
17054
0
16806
14385
8102
4743
5391
9466
0
17434
15029
11744
16268
9466
4300
10171
16220
3233
15923
4743
15355
17434
2207
0
13702
18914
13900
106
12679
17727
8878
0
15338
15402
17727
13029
10918
16571
0
4149
14726
8102
16268
10666
10666
0
11708
9820
9837
0
8385
12666
2455
9792
1311
4770
1587
5335
0
11810
20491
2016
16523
2
10340
10300
13450
16269
0
17565
382
20333
0
3952
0
11443
20780
20417
4995
0
0
2168
20176
9721
4995
0
11043
18228
2091
3690
16415
0
17153
0
5372
4770
20417
0
11
16523
11397
0
12291
16329
2
0
12666
3690
10135
15345
14188
20176
15412
6271
16484
679
13070
10300
2
9410
10395
520
16269
0
6628
8594
16289
11397
3952
2091
2
20491
4770
13443
21430
1847
18634
10485
15345
9792
1624
8594
13450
0
8026
11440
7888
16061
382
0
9894
6957
0
0
19881
16424
15570
0
0
9973
0
0
0
0
0
0
9374
15926
0
0
19587
18186
5343
16773
0
15368
13738
17826
9003
0
9666
17568
17826
17531
0
4674
17654
8145
17530
0
0
2281
12225
0
6206
0
0
0
0
0
0
17293
19780
0
0
7906
0
0
9048
0
7493
13545
0
0
0
16152
0
0
0
17019
0
17681
0
897
0
0
0
0
13632
13545
13632
0
19333
0
18453
7493
0
0
8594
17826
0
0
0
0
5643
0
0
0
0
14142
6645
9448
0
4015
4640
0
15980
0
0
0
9787
0
0
5278
13756
9448
0
0
11450
2728
16380
16255
0
0
9454
16795
16670
0
0
15120
8749
0
0
0
0
0
19538
16620
8998
16380
8444
0
10491
0
0
0
19672
0
16795
2674
15980
0
11059
0
19172
15120
0
0
16620
0
9167
0
0
16795
0
10888
19275
15785
16255
10596
0
16255
0
0
0
18140
0
0
15120
0
0
0
17359
0
19172
0
7517
0
8446
7933
0
0
0
9448
0
2728
9638
0
0
19275
0
8959
15100
3133
15151
0
15100
16789
13335
0
21555
8961
2276
0
1686
14145
12887
19541
11457
3001
19427
18135
9550
0
16116
18142
0
1686
18725
13292
9011
17096
5542
9475
17171
6911
0
0
17482
4780
10569
8819
9011
0
3348
0
20427
0
10361
0
0
0
9550
0
10915
17096
0
0
0
5542
0
10569
0
4780
8786
0
13292
19908
9523
9110
0
3001
0
0
8925
11569
18946
3133
0
4185
20463
1525
15100
9199
0
9475
0
8961
19845
0
0
2600
4807
16789
9550
3133
17936
18135
18630
183
13292
17516
14809
0
11945
0
3796
16056
16188
21405
5308
0
13672
8099
18145
16921
2492
20702
11328
9668
384
0
9055
10731
14692
16982
13016
3359
776
9018
21405
9055
3069
12229
1662
18523
12777
421
12721
15054
9127
0
0
6330
1756
4171
13794
10721
0
9648
16315
19710
16869
8133
0
3850
10494
11548
824
8786
8036
13794
12267
0
14692
17075
17708
8786
11548
3358
9491
0
18523
11548
0
16531
10073
0
10494
16587
12466
3741
10192
3353
2399
14260
6509
16286
0
2399
11328
17075
14819
5370
16631
3796
17075
0
0
20832
0
6206
11784
0
0
0
0
13738
18453
0
0
0
27
0
0
17012
0
27
0
0
897
0
0
0
646
0
17577
15969
17681
0
0
0
897
0
2281
7906
0
0
0
8149
9262
2281
15368
0
0
17568
5257
8419
10218
0
15570
0
0
11784
8594
0
19587
9425
15368
9958
15969
17531
12311
9425
8440
0
17012
0
0
0
9623
0
5477
3663
5643
404
17568
17681
13545
0
15570
0
8440
0
21403
5257
0
0
0
8875
11537
0
11511
0
9419
18186
0
7906
5257
0
17654
2
19935
2
2
10933
19876
19965
2
4985
3240
18092
17600
2
7254
0
7254
14609
0
2
2
16695
2
6247
3873
2
4002
20229
18125
15401
18948
20201
2
12576
13031
19516
12916
3240
0
2
3770
12042
2
3770
2
0
18851
2
15796
15418
2
10933
18925
19965
16262
17196
14261
2
2
18948
20201
13693
2
16381
0
15354
10542
15095
17600
19784
10616
4376
19399
0
19516
8266
0
17122
15401
13031
18092
2
15354
965
17122
382
12249
17196
2
2
4141
19848
9742
9753
0
5220
2
10217
5307
2
7254
20114
20663
2735
3672
8369
16387
18206
1955
16387
15053
14448
0
16765
0
16413
4450
15053
16618
12210
10330
1955
1108
8194
20568
11064
16311
4441
12306
20811
11428
16087
17129
6076
10102
16833
0
1108
6708
721
20568
1108
12100
11656
14722
17221
2855
13291
14722
10111
18206
10213
9204
1556
15347
14332
13930
15164
20663
11480
20568
12210
20730
13589
20811
1556
1556
12306
14448
3881
997
17246
8133
9226
10111
8194
16387
3625
0
14722
11878
5243
8948
5415
11667
10044
13883
15053
8196
0
8194
0
73
8455
12210
0
20811
2855
7094
13833
7594
11625
0
0
0
11353
0
1205
0
19710
10637
17713
0
0
0
0
16763
9655
0
16650
8840
0
8691
3203
6113
9121
12180
10834
8776
8712
10960
21573
11240
0
0
12519
17997
11625
3219
214
8008
0
0
10145
0
12071
8712
0
17713
0
5465
16009
11803
0
11719
0
12166
10412
14392
6286
0
12490
9121
0
15
0
0
9121
15734
1205
0
12263
2257
14589
8708
8712
8691
0
14916
910
15388
10960
0
0
9506
4627
18120
12490
21148
17713
21417
11240
9655
4627
19013
0
12180
0
17997
0
11803
3178
0
0
12924
384
555
2569
3187
5506
17216
3779
17973
0
0
953
17216
13740
105
12878
14225
0
0
14740
10622
1871
2822
1662
20810
20810
13538
0
15078
1984
16315
13341
13193
15078
0
0
0
2842
7982
555
8892
21590
924
0
0
0
17473
8634
16315
18413
14784
0
13042
16227
9586
13286
21239
10541
13285
19504
20032
6460
2822
6256
0
17216
0
2822
0
10429
16077
16227
7010
12878
8792
13363
11752
0
4431
0
17216
2035
9586
16205
4474
15381
0
17875
14784
9029
4069
0
9100
20032
19504
17396
3671
18347
2333
4651
17470
13569
1828
0
3758
0
0
18372
0
2752
8142
0
1010
12966
7009
5463
14861
10381
21522
7009
0
11066
15907
21926
11406
9906
14565
3758
13240
0
19160
0
0
0
0
0
0
14189
8142
21547
0
21926
2323
9608
22351
13569
21522
0
12121
12566
9089
12661
0
0
0
0
0
10464
0
0
0
8294
20910
0
0
0
5463
0
16698
11406
21926
18316
4384
0
0
0
17470
0
16698
11574
0
10464
0
0
11301
18474
1010
7009
19765
11066
18347
16509
0
8792
22351
21212
3875
4024
15239
3838
17188
14148
13609
13120
19503
13475
7083
17
17943
9792
19845
6160
16005
9792
14546
16561
8804
12877
4908
15480
17900
2957
13165
16829
20440
16205
5373
4847
20632
14011
9999
2629
5753
17943
502
20675
19070
2714
20632
2
15313
13165
13035
6160
0
1982
0
16843
826
2236
9
0
6160
2463
17943
9264
9264
13609
13010
17757
3198
16173
11631
3741
20675
13120
15313
3002
4617
14546
15498
520
4617
1151
11142
4024
4908
0
1623
20632
10176
9264
13010
14546
14480
0
15748
14148
4534
17330
4908
12692
4617
226
16037
17188
10738
0
8656
10376
0
8607
0
11883
14486
0
9923
14664
0
0
19614
4961
9951
0
12575
4004
8207
19018
17218
0
19310
0
0
13688
13688
5303
0
0
0
18634
0
8747
62
16652
0
19310
18634
11916
9310
16062
18836
0
9408
15808
0
0
0
0
4004
20279
0
0
0
0
19310
15220
15287
0
8881
5987
11823
0
14680
0
19081
17218
0
0
16984
0
0
10868
0
0
17970
0
0
0
11883
16652
0
0
2073
0
0
15220
8235
19081
8991
13688
8603
11883
0
4961
19310
0
0
10420
5094
5094
19318
4983
13611
17560
5455
10326
9278
7215
11564
2804
10675
1779
9362
17587
9944
4917
9059
4508
7649
19318
16983
10473
4917
7649
4567
11394
18553
8602
5455
9900
4890
17573
1354
9729
10831
16972
17554
16972
18155
9613
1632
9111
18553
2217
18288
10831
11078
10633
11387
17587
9532
10173
7809
19770
9605
8989
17190
12773
9489
16982
17129
18078
17934
3922
3771
1859
10456
10456
1854
10777
1808
4917
15638
4016
11387
18486
10456
5455
10454
9228
10556
8602
9590
1119
18553
10454
6203
19965
4917
7404
8602
18478
11394
1808
10617
19051
18018
15603
17764
491
5084
14262
13692
8378
11778
6337
2778
15032
7429
19883
2778
7221
8043
1768
12657
12958
20471
13965
14331
1249
491
13005
1097
1097
6122
7245
14799
13559
16306
13559
585
19885
2778
4743
14627
5452
19052
5587
14799
20302
6044
16671
4541
7221
491
5999
19883
11778
15861
11644
4846
13692
1249
1097
8806
14410
13013
2778
1249
12657
4602
19885
491
15032
12129
5577
491
491
3503
6008
14933
5282
2185
4770
10478
772
3526
1356
15943
13965
1249
11596
14714
14977
20300
14977
3690
15997
20596
10099
15997
13965
1249
5452
19883
15032
15032
14069
3851
6503
3133
0
5278
730
0
0
0
0
6977
15814
0
19330
7548
0
4683
21132
16393
0
17745
19330
0
0
0
0
0
5028
16462
18136
0
0
0
14499
15814
0
18595
7548
0
11404
0
17745
5652
15677
0
19972
19555
5278
19352
10103
17745
4903
13987
18210
0
10103
5796
15814
5209
2
0
0
0
19238
17232
0
13800
13800
12003
10837
18636
0
16393
0
0
0
5394
0
17745
0
0
2
6357
0
0
0
0
16393
0
0
5652
0
0
0
0
20187
0
730
0
4847
14817
16892
2728
4209
7577
7915
16664
5266
9438
9382
1498
1762
14817
9765
15123
10168
5266
4919
18980
5378
10609
4772
4945
7163
18003
8887
7915
7219
14817
8342
18149
8342
12206
18618
2150
8484
18149
4209
8342
17064
9560
18626
2273
4181
7915
17198
4120
7219
12252
1762
19352
7219
10348
7915
10435
10348
9777
9382
2121
18295
6171
18145
18003
14178
11815
10498
4772
4344
3721
18585
12214
4645
11851
17394
13323
10498
7133
15408
10502
1498
5378
1816
11851
7219
4835
17064
9736
2728
18145
18295
10609
18845
1816
9560
3721
10348
18046
11270
11134
0
5260
6437
3540
6437
5783
14937
0
17786
16133
18280
0
2
1
11859
16231
20956
3836
14512
9291
0
6007
5834
9291
0
5260
15737
16807
3212
15034
0
12574
0
19
16807
0
10335
11663
11259
1
15913
3540
4024
17775
21322
0
1
735
2
16586
20
16834
9680
20956
16018
18030
14512
14937
14512
17540
7551
17590
5783
2
14695
6439
15913
0
0
6570
20
17435
11859
11859
0
2094
735
12519
15737
4024
0
0
6217
2
2
20414
14512
17267
5750
8604
0
4890
8604
5782
3540
16133
0
8524
0
12631
4441
2650
2035
15738
4995
15150
2106
14766
15302
15612
6435
1869
14423
12134
4441
5403
15095
4826
14554
2183
13562
11993
1732
14617
5842
1740
13129
2035
13071
11289
12623
14236
2930
3522
14152
13940
12729
1592
15658
5336
14351
17081
9164
14778
15150
15150
1368
13940
10575
1681
13940
1825
2668
17251
1796
1869
5842
14717
14207
14717
12635
15461
16922
1825
15145
4116
15132
11687
4780
3855
5336
1681
7477
14732
14745
1592
13562
14086
16013
3522
10665
14118
14820
14263
15145
3362
3891
4116
15302
12006
14778
14778
14613
9164
6435
13692
13258
5566
6881
13562
18602
7925
11930
5632
8299
16517
4078
4586
4909
17843
8086
1191
10969
10167
11554
14979
5082
8877
9946
16903
11554
15878
7368
16190
16903
8471
21114
18355
10309
1191
9621
1094
11786
16157
7368
8792
15628
9011
10167
8086
9613
11187
8299
10135
9109
19070
9472
8733
10157
8161
1068
16105
17801
1498
10410
4074
4977
11930
13347
10743
1551
7368
8467
9734
883
7973
8400
16201
5464
4779
11930
4977
1616
10157
9011
8877
17199
11554
11930
3653
15681
1480
11187
4074
17843
16157
9109
1498
11187
4074
17189
10743
5082
3820
15628
10662
1644
15681
13492
11187
6561
15952
0
14695
0
20
0
13457
7551
2
2
0
0
6217
35
20
12574
0
8690
9680
3540
0
6056
0
5674
0
15019
6139
4024
14850
0
11722
5047
18156
0
35
7718
16133
3769
0
8690
16119
1
12519
17595
5674
17786
0
5674
0
1
15034
0
13114
4514
20414
12090
0
11283
2
21
12631
6688
11722
16437
6139
34
0
735
17822
0
18910
15547
0
6688
3
0
4024
7718
16834
16133
18156
3
2094
17998
18853
9291
8185
14
20414
26
0
16554
0
14875
14850
15737
18030
0
14026
15442
5961
16775
0
11932
17053
6259
8533
10752
28
0
0
15390
13894
0
7873
0
676
0
0
13595
0
16694
0
0
19742
12850
6304
11866
0
0
6210
0
0
13280
0
17965
13280
14775
0
10752
6997
19368
0
7603
0
0
0
16661
0
0
14753
21090
0
0
15442
0
0
16643
0
0
0
5597
6997
0
7019
13894
5961
0
13345
14775
0
13762
6091
12850
17053
0
12722
0
18425
18717
11847
11127
0
11674
0
0
18190
0
6210
17919
0
1588
28
6091
19368
5103
0
18985
0
19191
0
16631
6356
0
0
0
15211
0
18560
0
18772
15419
0
32
4052
14637
10891
0
15586
17684
6090
18594
0
0
10257
0
0
15211
0
18560
5585
11345
18287
5585
17
0
23
7702
10533
16534
4890
0
16506
8537
5520
17
7499
0
0
10533
0
0
18723
5231
18560
7702
0
8805
5976
17985
0
16506
0
14637
6626
6626
6384
17
0
0
0
0
0
6556
11034
18723
7831
18590
11345
0
0
19456
17
0
8201
0
8878
5976
16506
6356
17784
0
17684
6443
0
11817
11817
0
8446
1
0
9010
15552
3226
16150
0
17237
10181
14180
5069
20173
0
0
0
0
13431
20
6597
21423
14863
2
34
13553
16141
15596
14042
21420
6818
8
13225
5647
3
0
15948
11
17416
6210
98
3523
6420
1
5873
2
18216
18
12033
9010
12584
0
25
5959
17758
15552
6597
6662
6597
0
1
11141
0
10745
34
2
3788
9589
22102
7730
8824
14042
5554
4
6597
1
6344
12033
3523
16365
17869
6550
2
8104
12197
16636
12197
1
15832
0
16754
16634
12584
6712
16634
15948
7730
15370
16634
11
9149
16634
16835
17194
16138
14027
15572
10788
15448
7195
13033
15448
13541
3904
12816
4104
14354
13556
17429
15448
15762
12816
13803
14917
3016
7326
3273
13076
5437
13244
15372
14274
11513
4322
14027
13716
12381
6098
13803
9182
3454
12786
14852
5510
2282
16138
6098
12058
3454
13728
14040
4890
15583
15772
16335
6655
16266
14040
13185
15661
2368
7728
13310
13696
14354
10278
6098
13098
13070
15372
16492
3291
11486
14026
12301
16407
16049
13803
14917
7950
13728
2534
5114
14125
14354
12769
13716
12744
2839
15004
3042
2839
3597
3358
14917
14185
14040
15762
11998
16150
13803
2839
465
10897
14075
249
17090
19568
20040
13649
11842
467
5052
14567
16546
249
16714
5741
14075
15639
1406
2122
5293
5525
13649
6388
16894
12241
20096
369
19550
17442
16894
12813
2183
16714
6388
15965
16717
2183
14973
13720
2183
13718
1960
15090
4696
1284
18608
249
14848
17599
369
14749
249
1924
467
15787
249
6388
15639
12813
11185
249
13720
16755
10035
19568
2183
14917
15515
10414
15639
1399
18435
7295
19879
249
13108
17090
13649
855
9527
15639
16333
1960
15573
12607
13442
249
599
19879
347
5082
12388
14917
9668
14848
18429
16357
4696
14567
11298
16388
4869
3989
17308
4362
14138
13150
14442
4543
3519
7723
15444
14138
4059
15985
14487
17181
16835
4711
3137
4110
13555
3816
8836
16956
14442
10763
4543
2195
11784
12067
15538
13714
15651
14143
15667
14487
15985
10095
7808
13681
16193
12617
9238
13345
12086
2870
13946
13991
13946
17181
11784
12617
4034
11298
14081
16375
13555
12708
13946
2715
17181
17437
10522
13699
16354
2943
12116
2943
16604
3812
14137
3077
17213
15844
17213
14107
9238
3489
3077
14476
4869
16388
6397
13150
2815
5075
14138
13577
3137
16184
13224
7993
10193
14020
13449
17437
13201
16059
14772
3695
13472
17588
3615
17088
11484
13467
3356
14487
15029
15567
10492
11464
1758
15119
6761
15070
3695
2279
5523
17088
10637
4021
6464
13287
5330
13287
2575
13744
14780
15469
14708
16519
10492
14967
5330
3845
8628
3366
6761
16519
14780
13488
3607
4082
16851
3075
16618
14692
5121
12303
15670
15670
11211
15267
14692
10583
11079
5991
3938
3607
10583
13588
17185
5991
15029
10583
8587
8183
11998
14312
12823
15070
14804
3903
4359
15469
14510
10637
16618
2259
10234
13616
12217
16553
15019
3835
3551
3843
4890
17035
14772
13744
15801
16498
15725
2058
11691
16618
12411
0
0
0
4255
0
13650
0
0
0
0
5402
6559
0
0
0
0
16898
0
12630
0
15559
0
0
0
6136
0
6366
0
6136
5931
8290
17331
11315
12153
0
7655
0
21482
0
19358
0
0
0
0
0
0
6015
0
0
18919
0
16898
21082
12630
0
21266
5116
17331
12630
8495
3592
0
0
0
12827
5841
0
5402
0
4890
0
12765
0
0
0
0
8788
14447
17359
0
0
9564
0
16312
0
11390
0
5402
0
0
0
20548
17624
0
3592
7655
0
13452
0
18203
6341
13210
11649
16985
3226
144
466
9133
10734
144
229
74
229
248
16623
13210
20695
72
236
11716
72
3128
20494
17049
146
2409
72
10907
10512
21303
13705
18967
5987
6133
2409
16729
4818
9133
16729
144
12685
3226
10598
5987
74
16729
538
17443
433
17052
5983
145
144
1569
145
10538
1022
16810
144
14934
144
6452
6530
16582
72
11445
10172
11445
4482
144
217
144
5987
7277
16729
17049
18027
11626
142
17020
8005
15530
17405
6300
11716
18967
144
17354
18203
15051
248
5431
6300
146
6749
17536
6116
464
466
14116
16267
1450
8688
15657
530
9775
1476
9775
16582
811
491
16220
15027
4777
1482
12765
20046
16220
1320
8568
13902
2202
14047
1701
8739
19062
4454
530
2292
15816
17107
5000
4885
13528
15816
6927
17247
13898
19734
19001
4121
12765
1701
1450
20046
8157
6576
8720
6181
6029
8000
16582
1515
1701
15027
11868
6208
14058
694
11868
799
5625
530
491
5625
747
491
17062
5000
15182
12765
13384
5000
5000
13913
19458
12765
11868
14264
1792
1046
5904
18091
11868
2202
8739
14279
10327
747
1350
491
14991
13155
4980
2202
18896
1476
9272
11315
3
6061
0
7426
0
0
0
0
0
4890
0
0
18289
13635
5371
117
13635
7656
0
5653
0
10223
15881
0
0
0
18551
0
14239
6688
4890
0
4890
11731
0
0
0
7059
6379
0
0
10839
9317
0
17870
0
7656
0
6688
0
0
0
17512
0
0
18132
0
0
0
0
0
6893
10028
0
0
0
0
0
0
18300
17762
0
5653
18409
19835
0
0
0
17629
0
10841
17512
0
0
17762
15616
6379
4513
18535
18551
17612
0
5653
7617
15616
5371
3
4997
6322
0
7322
11696
17296
6535
10322
1656
8114
10130
4419
18221
2024
10987
2330
4419
15225
4478
6644
11885
17410
18005
17410
3771
2966
15225
17467
9161
4995
1825
16751
3421
17566
7306
18221
11121
4988
16129
14264
4106
3681
17296
2056
10873
4376
1810
4214
4769
17296
1907
4376
9050
12887
12467
18860
1752
1774
17275
8806
3421
10511
18931
4478
15463
5554
7919
1374
17985
9161
14264
4823
7373
8399
16043
4890
10987
9170
9094
18789
7373
7306
9542
10655
4988
5295
17177
10625
4419
17296
18904
17467
9538
14546
17125
4019
16853
3681
5365
11885
7322
11073
7810
14486
14087
10048
10274
12340
0
0
12340
11640
0
0
15061
15984
3005
8331
0
18712
12170
16756
8112
4805
12163
11697
8661
13227
0
18533
14881
7487
15744
6421
8147
15061
1745
0
12504
8578
16549
0
19171
15061
19361
8331
19361
17449
18777
0
8578
11727
11727
5370
22
3651
3600
3764
8112
8112
18533
1745
16549
13227
16606
0
0
18046
12167
13175
0
18507
11640
9238
16951
13227
16989
12504
10023
8094
14657
7682
19171
18593
0
82
11540
11217
1745
0
14881
10136
4805
4805
18712
8331
1745
0
2286
0
0
10075
0
0
0
11318
0
0
319
0
0
19618
8454
0
18868
0
18744
14621
14809
19271
1762
14395
0
9152
15700
0
0
19666
0
319
12356
0
12432
12021
8624
0
14997
15989
19404
0
12465
3887
82
0
14655
15989
19983
0
8624
22
0
7152
0
19666
0
14997
12021
14051
15989
9329
0
12465
0
14051
8360
1745
11519
0
1762
0
13559
17140
0
8365
8559
8595
11537
4255
8606
19618
12465
14286
1058
13307
18437
11545
18437
11335
11545
0
0
11519
8360
0
12021
18441
8769
0
13188
1745
0
0
7628
13722
14167
2669
15820
2243
19087
13100
8700
15929
1346
2822
11222
10814
19235
6641
8512
19087
10782
10814
13120
2938
2695
11647
8622
2346
13722
16454
2913
14419
2989
8680
8622
481
18300
18300
19985
2172
1913
15757
3203
8622
6725
790
16454
9313
2194
11647
9819
12999
481
20099
15689
9819
6641
2416
12206
14649
16454
7684
8480
16109
3140
19972
8185
8376
481
4024
14962
2669
20498
1499
1499
14649
19087
20213
14256
2828
2913
10205
19262
12538
10814
9477
733
2194
2822
10263
1990
481
19087
7684
9688
14118
9819
6641
1346
11075
21979
14167
11647
74
8058
2
21481
20412
5503
3573
7526
19724
3201
7163
2
20556
15971
6071
13457
7430
8058
0
12230
22152
192
0
19688
19269
2971
1381
1381
10943
8272
11813
7430
24
2
6191
10444
574
15398
14837
0
22152
20125
19688
13560
2
2
4754
20476
20584
5980
76
7923
0
18096
74
19724
12848
20009
2397
11610
15459
20412
0
20584
15265
8272
4067
9373
4832
20412
4190
2
4035
574
6226
2971
2
19269
15265
5900
6866
17093
7802
154
929
1265
1000
18917
10919
17549
76
82
7610
9661
19688
18519
7331
3681
9836
6071
11075
2172
1346
13426
10658
13100
17083
14077
7981
7684
8028
13899
7270
1911
2493
12999
1623
2018
11222
481
2346
6641
18649
18300
3368
15818
10056
1913
6641
1060
733
1457
18184
13120
10263
20099
19985
2669
15820
5383
13972
3203
7799
21944
19874
17083
15818
790
5383
20213
14118
2822
7981
5138
2828
7613
3140
2416
2511
21120
1615
19087
9613
6725
11075
21120
13120
5426
10605
8480
13899
13426
2695
2018
2822
13120
15689
481
7613
18042
14962
10205
21120
20050
9819
17565
14118
14962
15487
13648
2821
4024
14649
16454
19262
2018
2669
15025
1822
1911
0
13365
12377
0
0
0
0
0
0
14414
0
14025
0
12903
0
0
0
13839
0
12903
0
6154
15368
11284
11765
0
9292
0
0
0
16579
8041
14414
10075
0
0
4416
12503
14414
0
13309
12162
0
15423
3170
15950
0
14321
0
16579
0
15183
0
0
0
0
0
0
12750
15801
0
0
0
7061
0
0
13864
0
3170
0
16108
0
0
14025
0
14642
13025
12162
0
4684
15516
0
440
0
0
13191
0
10753
13839
15188
11543
8041
16433
0
0
0
15371
11543
0
16138
18351
1284
7431
8988
11453
8628
235
10260
2938
17395
14528
10781
4728
262
7496
549
188
19737
2961
2022
7072
16699
19133
4728
3604
17283
2821
188
320
7075
14528
4818
1345
19527
21171
21171
18840
16719
235
7134
1281
5573
4042
10781
3822
7431
206
2938
19204
9481
4811
8647
20269
20269
14200
8631
9919
12451
16438
19714
6798
10137
5573
5618
4834
1646
1051
1332
7013
12519
814
6052
2022
814
6457
9829
5283
5310
9481
14074
19335
18351
318
320
2872
9829
9938
14074
20694
3822
206
5062
1699
17283
950
7496
3966
950
3770
18840
9362
220
16671
14460
15007
2805
1709
16382
11354
9362
256
910
18689
1862
2207
16530
8358
2548
223
250
16367
6054
14070
10793
9870
12426
199
11472
8689
17504
7681
4174
1984
186
18470
12426
18428
18452
17424
9045
5155
4496
17817
2553
8640
4469
223
11064
18237
2174
12696
11275
17657
7931
199
8936
12607
12013
10233
192
11507
250
15625
17817
18330
2623
460
9855
8689
11266
122
16318
192
18470
1709
3805
3326
16940
12013
16261
192
223
9086
12607
7871
9150
477
11507
1918
1709
3404
14571
11354
8170
15277
10435
8597
2982
2805
3805
9031
8730
393
2806
12295
9282
16654
2727
2446
18439
1247
9189
2213
16654
2066
6494
3130
14657
1752
4611
18226
3962
9282
11297
2806
2379
9282
8511
17023
9736
8555
2886
16177
18439
17406
17879
1575
12348
8543
4788
11182
393
738
2886
18240
4190
11346
1664
2047
2418
1392
12578
2767
18076
3729
8242
18439
12446
2816
16078
15182
2246
2554
10634
16778
355
17384
14677
378
2816
18495
2886
18739
18439
10720
16744
397
571
17941
393
3689
16665
17406
355
378
424
3962
2806
16078
14657
8501
9549
17484
8004
16485
2817
738
2727
2213
17384
19160
0
0
5180
3133
0
0
0
0
0
0
0
11613
0
0
7851
0
19755
15223
16331
0
4249
0
8435
18461
0
16828
17812
16069
11156
0
17620
0
10995
7851
15585
1745
0
8435
7851
0
10458
8435
0
0
0
19342
0
8894
8894
0
16828
0
0
0
0
0
3439
18844
5741
7120
80
0
5180
0
0
13881
0
0
8610
0
17023
0
7120
0
10096
9144
3439
0
10464
0
19216
19743
16609
18244
17126
19755
8120
0
0
0
18292
0
17023
18461
4249
10901
0
0
0
0
0
12486
12879
0
5130
14556
0
13044
12816
0
13142
0
14376
0
11078
13003
1540
10150
0
6807
10255
0
0
0
0
12765
0
0
0
3320
0
13003
0
0
11042
7161
12524
0
11534
0
0
0
0
8440
0
16231
11534
0
10255
0
0
0
14712
13142
10530
0
6597
10135
13213
11368
15611
0
12899
5060
16231
0
0
0
0
0
14865
0
0
0
11042
16231
0
6290
0
0
0
16170
0
15885
0
0
0
0
5016
0
15746
0
15612
0
0
0
11312
6597
0
8695
16566
2034
481
7808
15299
2998
6779
3166
3596
11667
12814
13688
5970
19684
11082
1353
17216
15285
2436
3467
12342
10877
14907
851
19465
15251
8695
2958
13727
1569
9302
20050
19465
14252
16970
19584
2958
3005
10877
9876
12118
2364
9639
13064
10138
6933
1912
19278
3012
15251
481
11949
10964
16566
19841
22212
16864
19773
17385
3760
18911
10877
5970
2990
7245
5197
1692
16343
18970
14907
15610
1460
3129
9078
2695
1779
7936
10877
3654
1274
16387
7936
1569
2298
2298
3596
2364
12753
15285
10964
7337
851
9876
10964
2298
2436
14380
18272
2998
10056
0
1137
0
10878
8289
18314
0
2268
0
12059
0
12059
11099
16149
0
0
17202
11481
0
0
8442
14542
0
0
0
0
0
0
0
0
18926
8359
9103
0
19787
14727
14542
9706
13158
3017
0
0
17389
17202
8359
0
12059
13763
0
6561
18471
17875
12059
9057
2268
4163
9057
0
0
22
0
8526
0
0
18314
0
13390
11933
0
13459
8834
11976
0
0
16526
0
0
1745
7059
11933
11779
11099
11660
1745
14490
3955
11099
18646
0
3707
9113
18471
4785
0
12059
1745
0
8847
14542
10866
14421
1757
6760
7406
1757
62
5934
4857
4734
528
10753
124
60
10753
6115
60
340
17038
6903
15166
74
1134
63
1477
18018
10753
144
1251
6634
4176
20106
193
21653
16254
142
18937
16710
19243
20162
3690
13634
1134
6630
11094
12231
62
15946
4634
6135
7406
9982
62
10320
7406
10129
18071
6080
4752
5082
18018
9982
12231
3533
4888
8320
4706
4579
2819
12231
4579
4616
18685
653
1735
7542
2107
80
17032
5112
5363
13634
5013
4634
11094
10591
1410
6630
653
16710
5363
18111
1410
193
2104
20133
10638
193
42
10129
9220
0
0
475
8690
2276
0
0
0
0
0
0
8566
0
2894
0
10882
13269
15121
8690
13919
17612
14660
15307
17143
0
12345
18259
82
0
8435
12345
13903
0
18801
0
3983
53
12742
6485
0
3920
3375
11876
3996
11457
2658
0
14930
4813
17612
0
14660
14336
2894
14348
1327
12345
1327
2276
12742
16163
0
14090
13650
16769
9149
12742
0
1745
0
15734
0
18165
15279
17353
13243
13665
17353
4813
12345
14669
14669
14090
14660
8591
2407
3915
14980
12011
14097
0
0
0
13665
10882
14850
9149
5467
0
0
0
0
0
0
0
0
15103
4707
0
0
12796
16872
1321
0
12061
11803
0
0
0
0
9963
0
0
15943
0
0
6376
0
0
0
4597
12950
12823
0
5770
0
0
0
0
15822
15839
14576
15671
0
10567
0
0
15839
13871
10197
82
0
0
14016
7239
82
0
12332
14784
0
15956
10567
0
11242
0
12950
4849
7108
0
0
0
13053
0
0
14225
14784
0
0
13548
0
0
13902
8980
0
16872
0
0
0
0
0
0
0
0
0
0
10693
0
14016
0
6097
2856
15486
4626
5621
8511
4248
11115
2711
7450
2008
11771
5018
19431
11403
9784
7450
19426
11406
2856
17805
16095
1451
4844
5408
15582
14288
20938
5023
9878
8972
19426
1202
3655
6853
19431
5026
12284
14392
16093
15486
20764
19426
20632
3048
11115
9805
20493
3851
4937
4316
12400
19774
16093
20938
17635
5150
3690
2891
15829
1451
1037
17785
17074
20632
4036
8452
8972
18539
8452
1898
1931
19944
6097
19914
15829
13636
1609
10158
4062
7396
18224
12423
9185
9866
16093
8452
2179
11469
14524
11403
20938
16818
2521
1428
3668
9866
14161
10011
16557
19204
12352
267
15637
4834
4870
8631
15399
10514
4834
2308
325
10781
4967
6052
185
6924
213
20940
3770
10260
950
20351
20370
8376
18840
185
2022
4858
16544
9793
9481
19649
4615
7013
9829
17855
11514
9487
1345
1425
4962
16719
17855
7134
7663
4962
11171
4771
7073
4834
12064
403
8628
235
7645
20383
4694
12064
7072
5283
403
325
1345
4694
1699
5708
16699
21278
1345
15399
6457
19737
5708
8988
3566
8978
20370
4834
20634
1281
4870
4818
19335
5258
12451
4079
11453
10051
10051
549
20694
19133
6123
4042
318
8376
6798
5573
19527
15543
9178
13255
0
18636
12754
9017
12094
0
8737
19017
0
0
4202
16042
9555
0
13255
17179
11327
0
12094
14476
11923
0
18636
9298
16359
0
0
3890
1745
3195
82
17293
0
4394
15796
7953
15796
0
16138
0
12117
0
9406
15906
8819
16039
11851
9298
13004
9597
11327
13650
7973
173
0
16138
0
0
17440
0
17187
13947
16426
0
9025
4205
16144
9555
7861
16103
0
4047
11851
16359
15299
0
14823
627
3416
3890
16042
3890
9017
16090
0
17440
0
14360
14823
14823
11356
0
16636
8737
10294
12071
8557
6805
0
1745
8956
10151
15314
8194
0
8194
4073
0
8526
0
0
0
17055
11026
0
17625
0
6540
11064
8230
2503
0
5493
10880
0
0
17144
16009
16664
11057
0
7806
0
0
14476
0
8826
0
1471
0
0
11026
0
14476
0
11238
10725
5028
0
0
0
0
9428
18608
0
0
0
0
0
10405
0
17035
17430
0
0
15601
10496
8888
0
16664
0
0
0
0
0
0
0
0
12682
0
0
10702
16515
0
0
0
15815
0
8956
8194
11064
4257
0
10935
0
10725
0
17104
7710
0
16474
13518
9951
7535
9878
19735
2419
12909
13703
2419
13242
10469
0
7454
10544
9951
12909
19735
0
0
16474
19149
7955
16522
12118
7969
3833
18198
4388
16449
3472
18198
4970
16522
0
0
17677
12088
4582
0
12088
4006
17677
26
13195
17514
7710
12617
5485
0
5929
7525
5591
17028
7112
7487
15925
16989
17085
14243
15693
0
26
12118
0
0
7995
9951
0
12419
8333
15056
16395
11444
1598
0
2419
0
0
16518
13563
12859
7112
5156
0
17514
8918
16449
0
15693
7
10544
17514
10786
24
5929
0
7483
14919
0
1327
19272
7790
40
10300
5869
12094
16136
13503
23
13861
46
13861
7657
11789
7599
10342
12553
3
14608
14737
10891
7
5012
13495
2130
19
0
73
835
16136
7577
15663
12808
6245
5831
0
0
13609
7
14439
11042
3570
16488
10315
19
4692
11042
16132
12553
8176
4547
0
13503
4809
18934
17517
10
13676
0
5573
7808
3099
0
3
4185
14737
104
13927
10315
8176
15388
5831
12808
46
13342
14303
17201
4711
4809
18642
17355
13609
16136
17019
17201
8529
0
40
0
12851
12074
10891
0
13609
19
7265
4336
0
0
7
5869
17
7790
14336
15887
17777
0
0
8049
0
4661
7599
17201
4281
5083
5869
7448
23
12808
11789
13911
12094
17
835
5083
13342
7657
11789
5946
13846
17517
5573
7657
13911
0
3570
4049
18405
13609
292
11003
17201
46
8529
18608
5233
18608
18934
14303
16557
9069
0
7790
7599
3099
17019
7808
17355
73
5083
6245
8529
13861
16557
4049
0
11544
10342
12851
3
1150
0
2034
5083
10
12625
13861
12702
0
7448
7513
13911
7
17874
7513
17531
12808
17019
1327
18642
0
17777
17
17874
0
18608
10864
4905
10838
7701
10286
11198
11899
773
9124
9460
10541
9992
439
9460
13179
14697
773
773
2238
9481
17758
3014
10408
439
4084
6101
16998
9460
9460
5181
12469
11697
14059
16189
13502
17753
12989
7181
12375
11944
5820
9102
11521
5689
4833
773
10797
2668
9709
3122
5689
4084
10427
7530
12469
4966
9384
9931
5181
439
20717
7701
10494
5884
10541
10427
7181
3696
14059
6405
482
11308
10541
7859
8903
659
12456
3183
11381
900
9359
10496
11179
6405
792
3183
9480
6940
11509
9390
773
9931
19300
9460
9480
13368
14315
12889
542
14750
5654
0
13670
9044
1150
9127
1150
12345
4218
0
3
0
8392
8717
8842
8717
4842
1469
17077
0
1150
8842
10133
4484
9168
0
0
370
12104
11797
8392
10221
8154
11197
12345
9095
8874
0
10791
0
10221
4842
8842
10582
0
13631
10532
11197
1253
3137
10905
3361
2195
13670
0
0
0
16840
11095
0
11797
10791
0
14428
0
0
0
13670
13670
11095
4468
9256
0
0
4468
15399
10905
10830
4949
8372
11778
8729
4218
10791
9652
1253
0
8795
7632
4484
8620
2580
14219
10792
0
0
7215
0
12996
8842
1076
0
7420
0
0
0
9020
1691
0
17437
7316
1760
0
15207
14929
0
3
12083
13298
10956
3568
18586
0
4784
16334
21235
0
3568
9312
11674
18558
18558
1150
4580
9559
20832
1064
13298
0
8002
16668
12083
15634
3
0
6648
6280
20
7459
4614
9312
0
1150
18775
10046
35
7316
12083
6543
9312
46
11333
2711
12052
12052
0
0
1760
18471
20151
1076
20833
8246
0
0
6607
0
9747
8384
18471
16548
4281
9755
15749
6543
9503
16334
20
7420
0
10304
566
13580
12506
13580
20833
566
18471
5095
9890
46
12293
16600
13754
11139
13839
17865
16114
46
6943
18236
3964
12134
19310
12708
6943
7781
46
6943
12
3314
0
12680
17865
4
8134
18532
34
12708
6953
14310
12711
34
9956
19088
4251
18363
33
8874
3964
11366
4964
10608
17478
6495
12357
13731
15967
0
12680
13866
15967
18532
27
7621
11139
18532
14461
20
5784
10608
16001
14294
6495
3314
7771
0
6495
5175
7963
5001
12449
17865
13950
13950
5246
12711
9938
12293
8134
12384
0
7781
9757
16600
1816
7604
12449
1589
0
18236
18826
12449
19343
16990
9690
8134
10119
0
0
10363
7946
0
9180
0
0
8144
8614
0
17596
0
0
6822
9396
7034
10482
2
9526
17235
0
0
10482
8213
5390
0
6849
0
8144
0
5390
16913
0
0
12784
18785
15449
7506
10893
0
0
8213
1538
1090
1554
422
20599
20599
20599
22561
7305
0
46
0
0
18453
46
664
6381
4900
10363
0
18453
21969
0
6966
4900
1090
13246
2
18915
6748
15980
13246
0
8213
21969
0
0
0
15624
6865
0
0
8533
0
0
46
4900
7333
8863
0
13935
8144
18785
17725
7409
16913
18453
18785
10731
5420
0
0
10438
0
0
0
0
0
0
11386
4
1150
0
7864
13313
6551
0
7007
0
0
16690
0
6954
15846
0
0
9703
12983
16690
0
0
12988
13972
0
0
0
0
0
12072
0
9937
12266
0
15019
0
1137
0
2106
11606
0
13202
1150
13534
0
10049
0
13062
0
12242
0
0
0
4934
1222
0
4178
0
4178
0
0
15019
0
8545
10952
0
0
0
12983
0
12245
16690
0
2106
0
270
0
4
6893
12242
14634
4178
0
0
4178
0
0
16690
0
0
13125
15581
14886
0
0
13945
0
13106
1253
0
0
10732
13125
13310
0
0
0
0
13288
4458
0
0
0
0
6538
16976
0
0
0
13125
0
0
9846
1150
14310
0
0
8040
9698
13530
0
13631
0
12079
15647
10164
0
0
17061
0
12032
0
0
1857
0
12851
13310
7939
10499
2
0
12615
0
0
16084
8040
0
0
0
15581
0
0
12007
0
0
1150
14553
0
13003
0
0
1150
10609
13945
13125
4030
12851
4321
0
0
14271
0
0
13631
14553
16151
11000
0
0
11417
1150
22558
7340
10560
9689
9679
12170
1745
666
9689
2024
17466
0
839
21820
0
17049
0
3454
1025
0
46
16882
13813
17128
0
12390
7981
0
1
1540
46
1025
8221
13813
0
10033
0
0
19135
20575
0
10708
839
16462
16639
0
10785
14630
0
1
7981
46
9923
7218
16427
0
0
21295
839
15164
14630
0
1540
4282
15923
0
0
8927
5591
0
839
0
17871
0
0
2
10785
7759
1150
0
14630
18476
18806
1150
17588
18201
0
18201
14630
18089
10785
6926
6667
9840
17128
19297
437
0
9072
16084
15647
4880
13555
0
0
11859
0
12851
0
6696
16084
13945
16576
15875
12615
1150
0
13848
0
793
8520
9322
0
9563
0
0
11876
0
0
0
102
8167
14026
1857
14553
10609
13631
1150
793
14026
5479
12922
0
12886
0
14026
16084
10497
10499
1253
1150
0
0
17061
0
14886
0
0
0
11574
0
0
0
14148
0
0
11859
0
0
0
0
0
13288
13106
7850
0
0
13555
12851
0
0
8522
0
0
11709
13125
11252
1857
14148
0
13003
0
3168
0
11876
0
1253
7850
0
6314
13479
18996
10127
410
20419
19367
13505
9019
1182
13479
4696
9823
11115
18215
5554
8879
11001
10127
5526
20419
410
410
9493
410
12564
10700
13315
11582
12564
15584
1958
11570
20877
9759
12064
11567
17203
5526
11567
4762
9715
13581
13010
15047
4160
10700
1577
9698
13056
11570
479
1577
9678
9313
607
5554
3989
10069
20877
10457
5527
1577
8879
2792
1958
3989
8477
12582
11567
12221
17042
18937
3819
11806
11720
4785
11806
11219
5526
10378
18937
4762
9304
9715
17177
11895
586
15047
1958
10127
10438
786
13505
14344
410
9493
3441
4279
13462
7835
12053
18415
10648
4866
7835
3953
2699
18208
11704
12974
18137
17418
9
4866
0
10
15295
0
5766
4289
10769
4061
10769
12108
8618
7627
18450
10684
0
4775
14422
4492
0
16336
4526
17271
18208
0
17
15893
23
46
17809
8258
4492
3
11434
11434
1150
1423
0
16776
3
18600
12162
12985
14917
14697
16140
0
17809
8156
15893
4866
5766
18844
7659
13844
11056
26
7697
0
12153
17129
1150
17271
17418
4492
11197
11197
18635
7986
14160
2136
9062
13844
8253
17669
14152
3953
11056
0
16776
4866
12482
10684
4092
17809
6259
0
0
0
0
10650
0
0
10049
14683
14983
3222
16811
0
6551
0
12903
0
13765
0
4444
10386
270
13037
0
10386
10386
0
4934
13672
0
14306
14306
13672
0
0
13037
13017
0
14677
4534
13534
0
0
12245
0
7007
12738
0
1137
0
0
11386
9718
0
0
0
0
12436
6652
3222
13037
0
1150
11386
13252
0
9718
0
16690
0
0
16892
14677
0
12436
0
0
8377
16811
16216
0
4178
0
4
14082
3222
0
0
14966
11603
16216
15846
0
9703
12782
12738
0
0
0
2989
3960
17116
15100
8091
294
1551
911
3960
524
330
524
2119
10531
19011
6675
13069
10052
4900
1551
14491
9043
12614
10118
17326
20400
10530
3348
1275
3443
4981
12614
13839
3443
13368
14190
9659
11115
982
409
9084
2119
8618
7245
11427
13839
5864
285
1376
13069
12010
9020
13839
4867
14494
11154
14786
17733
6523
9659
13839
11856
18415
2084
10041
11856
6523
12010
9043
8387
12995
13368
869
9856
10542
4279
4867
13032
1416
11037
12232
10530
8105
15714
14190
4867
14651
10876
12049
9084
13187
14144
13243
11331
4619
3989
3586
4909
8091
17326
10531
9916
9967
10775
0
11744
10463
0
11145
8771
14333
7294
8771
4370
19793
0
4198
3796
14542
0
7440
309
3851
15869
12504
0
10389
11145
8351
16654
18205
10463
7811
18017
10389
1077
18024
17991
15869
11357
1367
18606
8851
99
4461
0
7442
13137
19055
4601
19876
0
7085
0
3921
0
15869
15208
4419
11744
0
30
15291
3796
0
5891
0
10073
12127
0
16
9529
14542
7294
13949
4791
0
17167
20048
15291
46
8851
24
99
19255
13197
0
14333
24
0
12504
0
0
11
11733
15869
12504
14589
16654
12318
35
3579
2819
11338
0
12654
10736
9441
9266
9196
0
0
8887
3579
46
13981
11182
755
11000
8592
12058
1222
0
0
0
0
8608
0
9266
10225
10353
11209
0
0
0
4868
0
8724
16886
13315
2737
8804
1436
0
0
13902
8887
15624
8592
0
0
0
0
312
13694
8768
9139
15624
8906
11338
9716
8887
0
8758
8241
13315
0
12334
10736
13981
12816
12058
3944
8808
8202
0
13669
8758
4027
12816
8605
8677
1070
11334
8758
1822
0
3
9716
9712
8804
10849
755
0
8592
8776
755
4200
6732
13573
4598
10731
0
0
30
7278
9159
11956
11629
16560
12805
12642
0
11558
14822
0
6908
3791
11956
13163
17266
6747
0
11808
0
16560
0
6747
0
0
8406
0
8732
6747
0
6908
1733
17266
12602
0
1150
1150
11956
0
8495
15772
12901
0
9012
0
0
0
30
8732
1799
10899
17266
6747
654
4714
0
0
10690
0
0
14615
0
193
0
11312
7191
0
0
7296
0
14185
0
11708
11784
0
13112
0
0
0
12268
8495
11543
5884
17266
0
0
11617
10994
193
10673
7191
14615
12805
0
15772
10482
46
11071
0
0
0
17375
17707
10
6382
12229
0
17582
0
0
15790
7026
12664
16896
0
16850
0
16200
14975
17301
10456
16200
16200
0
0
0
2
430
1150
3440
0
0
0
46
7872
0
0
4306
16850
0
4306
7131
10297
0
8713
8266
0
562
5937
146
11960
961
21061
0
0
0
10999
0
10297
0
0
0
0
12045
11960
74
822
21061
14795
6294
0
0
0
10456
1197
0
21061
8713
12664
3440
10297
19650
17301
0
12680
17707
0
0
15684
0
16850
0
8266
17754
0
6545
