VectorTiemposConRuidoMultiplicativo
12841
11365
9421
15144
22988
28372
19737
8434
13484
7545
19156
15533
20731
0
21286
14158
1525
2913
6462
7923
7503
11399
17632
10736
11412
18458
16357
23512
7440
9959
5745
7716
19382
7205
194
0
18493
0
13420
16271
6452
3957
1684
20044
662
0
14513
0
0
13592
2222
3746
4132
1649
5129
7826
0
1737
0
0
13750
21956
610
5
4708
11145
13739
1947
14841
11191
23396
0
0
12110
19123
20629
0
0
8192
4956
5620
16929
0
0
0
16886
0
0
9885
0
3696
0
12057
0
10187
0
10233
0
0
13559
4131
19999
2627
17895
96
11109
15096
20033
0
102
0
3894
14415
11979
3865
6493
12671
5620
3
13793
95
13373
11339
527
15875
3512
4145
15584
11961
15530
4880
5151
18924
16042
1959
17000
7274
11410
0
3929
2973
2343
12552
20623
11233
7492
19782
13571
11332
9477
4656
12858
15158
3516
15792
3019
16693
14243
8060
8154
14256
55
14138
2794
591
20923
8980
14073
120
12917
4326
10220
6306
2024
14096
7946
0
4930
11191
2381
9181
18628
2363
13311
980
297
3178
4058
4715
5547
19781
4920
4447
3554
3135
4930
10819
21711
5441
11902
11566
16550
9956
8695
13433
14328
19544
14249
15161
16001
12877
15749
15591
12784
2962
1444
8427
4804
23229
17879
10443
7377
13969
11620
9900
1278
11512
17689
13216
14691
21632
21820
11506
11146
23053
21436
15845
4614
0
7610
2258
11638
0
0
16994
0
89
8528
3715
5783
20000
6430
17268
6013
9522
0
291
11182
12604
1850
1075
13662
18051
13674
15028
9725
13719
22777
16187
19366
0
0
6269
11767
86
12868
0
23111
0
0
0
11332
2341
14318
18557
3375
301
21854
10383
0
17094
0
23116
10631
15678
0
819
23341
0
8756
4691
16413
20580
10818
4937
15715
14477
10661
359
5267
298
15879
12115
9994
10756
21746
184
7426
2777
14077
3087
15346
12042
19189
371
2867
17729
15358
11076
127
15821
2930
3599
15185
9459
15135
10493
2785
16847
22197
15392
2673
20915
14246
15317
15662
13928
22067
13562
2917
18867
294
290
251
5438
2571
15107
10973
22027
17613
17438
152
309
16808
18483
17188
15277
19438
339
4252
11209
4995
3364
6004
1778
16331
4447
13942
26392
18158
15382
10579
8984
17709
15253
13031
13040
1448
16919
14023
13382
5700
11317
14632
2714
14234
4765
13125
4907
8419
14348
2134
13063
0
3084
1870
20426
8672
20728
1
14485
22372
13883
14577
0
4185
5902
2032
25695
4672
3883
1691
18491
1144
10708
1
12801
1993
6024
18409
2638
2137
416
15994
17718
827
21346
11185
0
1
13260
14979
0
6029
22541
24148
2519
7572
0
15030
12841
1736
11250
10424
12954
10449
4806
8940
12849
10253
26768
4884
817
1781
13307
3049
10884
17500
12009
7220
12474
1538
14401
1340
52
13144
20830
16182
8913
1
15748
8291
0
1594
10722
9708
8150
20215
3388
19365
4565
15880
0
12601
14263
23214
2
0
3036
14424
8003
10580
13450
9615
12053
14991
8657
18536
0
10416
11810
16677
5498
15450
8652
9766
4278
7872
12366
688
11109
4798
7823
7303
11020
12357
16569
13659
11868
7599
8847
3878
3040
15805
4843
20432
14288
0
4361
3117
16137
20003
27836
11202
10886
0
10151
0
5120
0
8829
14059
9743
3414
13175
5059
12356
605
8480
19876
19545
4948
4894
0
15373
16229
4718
10003
0
11047
15746
11990
1100
2110
18187
13065
14250
2941
840
11169
2455
17462
13176
3186
9230
22092
0
2393
4574
14954
17443
15816
15921
13300
14039
16154
4776
4934
18750
6844
16455
0
3734
12759
2165
0
0
11529
17375
15515
0
0
5252
16826
0
6411
17865
18311
8632
4448
13380
18047
9844
18471
12613
3946
25833
99
2559
23381
0
23452
14420
18990
20324
14992
6036
389
14625
16954
9839
11916
15198
15606
13854
5080
11361
5177
20256
21320
0
18678
6672
7738
3993
5780
9803
0
21712
16166
7999
18589
7753
4468
10637
13118
4420
17095
4916
10310
14388
2739
0
8563
20133
15624
99
11841
21761
8502
0
17422
16061
20812
14533
10401
15512
0
4449
13848
10000
20729
9341
8526
0
8868
8293
8100
0
9348
9023
3107
8245
1779
4518
1275
5951
0
15021
13808
2215
19555
2
10094
10136
16485
13559
0
17548
357
23119
0
2579
0
11250
16034
22378
2717
0
0
2289
19969
10134
5060
0
12338
19009
2897
4266
10233
0
17330
0
5769
3292
25388
0
9
11174
13637
0
12688
18615
2
0
14698
3383
9540
13091
14626
23098
17587
8217
14789
644
13835
9549
1
9250
10557
657
17475
0
7025
11307
19258
6898
4485
1901
2
23294
4625
17857
26105
1522
18577
12450
17271
8204
1599
7997
12914
0
7072
7727
9063
9209
437
0
10236
7542
0
0
18729
13012
17632
0
0
10155
0
0
0
0
0
0
9849
13373
0
0
21871
20723
3987
19036
0
14936
10916
21258
7706
0
10994
20159
17077
14444
0
3813
13960
8526
21487
0
0
2458
10317
0
6596
0
0
0
0
0
0
17106
24410
0
0
7270
0
0
7748
0
4373
12427
0
0
0
19076
0
0
0
15457
0
21733
0
689
0
0
0
0
13135
18016
11816
0
17341
0
15363
7280
0
0
8161
18947
0
0
0
0
3970
0
0
0
0
14914
7184
11031
0
4240
5044
0
21566
0
0
0
6492
0
0
6223
16107
9589
0
0
9121
3253
15933
16965
0
0
6714
19665
21004
0
0
14997
11522
0
0
0
0
0
16873
18617
10630
13614
9751
0
13872
0
0
0
22275
0
13056
3371
17748
0
11511
0
20074
14297
0
0
8209
0
10221
0
0
8903
0
11206
13730
11789
14754
9920
0
19613
0
0
0
16508
0
0
15001
0
0
0
11961
0
25001
0
8541
0
5184
9492
0
0
0
8722
0
2435
11441
0
0
17656
0
9569
19001
2288
12901
0
13538
19954
12050
0
24087
8806
1471
0
1683
16259
16107
15705
13552
3447
15905
11905
9957
0
15757
16500
0
1450
15219
11928
8285
13385
4949
9411
12881
6685
0
0
19161
4057
12099
9337
7135
0
2702
0
19439
0
5957
0
0
0
9559
0
10748
25217
0
0
0
6831
0
12450
0
4785
8864
0
13384
21371
11890
7146
0
3504
0
0
7238
8911
11291
2593
0
2913
18147
1291
13426
8906
0
8884
0
11027
20947
0
0
3203
5811
17443
8727
3428
22508
16833
26140
185
13484
10524
17162
0
15986
0
2955
14589
10721
19783
5247
0
15864
8753
24495
14008
3104
29311
9207
11113
335
0
11050
9648
19824
17050
11524
3949
785
7727
22901
7935
3698
11058
1888
21798
15026
514
9872
11582
10288
0
0
7277
1399
6215
19860
11895
0
11922
14603
21308
17520
5965
0
4109
17120
11721
1083
10093
8604
14538
13413
0
12551
18231
19470
9801
13128
3447
10180
0
19433
17002
0
14249
10854
0
11845
11293
11983
2975
14180
2688
2684
10779
4952
20147
0
2038
14381
18197
13975
6218
16092
4557
16389
0
0
17364
0
6683
12134
0
0
0
0
15788
18310
0
0
0
24
0
0
17511
0
41
0
0
1068
0
0
0
542
0
19309
14296
21821
0
0
0
1285
0
2797
10668
0
0
0
6461
6523
2149
15423
0
0
13008
4776
10111
7373
0
18633
0
0
13162
6340
0
19476
8238
17371
13565
19310
20044
8933
11085
4603
0
20877
0
0
0
6635
0
4592
3812
4709
405
18939
15985
7559
0
17933
0
9099
0
22831
7337
0
0
0
8464
12950
0
12417
0
9031
27258
0
7191
7635
0
13224
0
22957
1
1
9842
23367
21022
1
6505
2988
27483
16068
2
7360
0
9057
13574
0
2
2
23300
1
7790
3118
1
5263
19222
23145
7032
16371
22068
1
12667
13600
21294
12127
2858
0
2
3565
10584
1
3759
2
0
16745
2
15649
14489
1
10982
20415
23532
13409
12586
10807
1
2
11159
16022
11904
1
15837
0
14708
10625
17207
16803
15965
12280
4769
23673
0
13806
7736
0
21710
19604
11841
21424
2
12893
715
18859
374
12366
11825
1
2
4264
15485
8342
8825
0
5998
2
8123
4517
2
7537
17265
17847
2803
2936
8279
11541
16036
1756
16341
16239
12633
0
20356
0
20202
3377
18003
13265
9851
12774
1791
1208
4462
26894
11173
15284
5410
9520
23808
13399
17055
23987
5573
10403
11183
0
1337
5917
684
22082
1114
13268
8115
12125
14827
2271
15495
9690
9545
20339
10446
9759
1378
5791
14922
9444
19081
18856
11484
21600
10028
22849
8828
28168
1078
1371
13754
15119
3991
1135
17593
8190
11934
10135
7394
11738
2371
0
14575
12182
5738
4927
6916
10740
11513
16962
16369
9044
0
7336
0
58
8680
8592
0
19764
2915
5475
12214
5941
12700
0
0
0
10674
0
803
0
19844
14180
26477
0
0
0
0
14346
11539
0
9195
8079
0
6370
2173
4174
11882
13520
13021
12686
10680
8439
24432
11445
0
0
14401
13014
13646
3542
181
10934
0
0
8896
0
12815
3733
0
20029
0
5072
19961
12931
0
10911
0
13495
12701
5741
8584
0
10367
8673
0
15
0
0
9641
16386
1297
0
12053
2621
9563
7768
8784
8863
0
14532
905
14142
8437
0
0
11462
4272
16705
10289
19148
15594
15926
11064
9979
5945
23499
0
9568
0
19905
0
14706
3753
0
0
7563
262
434
3268
4327
4653
14976
4155
19908
0
0
1139
19203
9940
94
6423
16200
0
0
13571
13286
2045
3180
1079
14084
15354
12744
0
17838
1160
20351
15082
10882
11506
0
0
0
2077
9826
368
9786
18860
1039
0
0
0
13634
7622
18202
16376
13814
0
11812
11576
10443
12969
26443
10673
14189
19029
23350
7593
2700
7677
0
22088
0
2910
0
10819
13977
13659
3301
10187
9803
14852
13889
0
5106
0
17945
2321
10772
17357
4511
19760
0
20883
15669
9818
3565
0
9508
22976
17310
14905
3602
20025
2548
5524
19364
10748
2043
0
2092
0
0
14928
0
2500
8723
0
1125
12373
9932
4550
8790
7521
25644
8575
0
10082
13557
27713
11162
9900
13050
4006
16318
0
15752
0
0
0
0
0
0
15842
6409
24193
0
22904
2334
7776
26341
17212
25031
0
12859
12271
7947
13796
0
0
0
0
0
11189
0
0
0
8083
24377
0
0
0
6219
0
13496
14632
20799
12351
4504
0
0
0
17056
0
16853
12336
0
12050
0
0
13100
18664
1439
7646
22438
12655
19725
11835
0
7403
20866
22221
4061
3693
12911
3231
16756
15656
14273
15517
20291
10243
6583
14
12697
6478
26922
7800
14655
10621
9198
18658
7973
13848
6513
12321
16958
2478
14634
20634
30581
11818
6205
3218
24240
16179
9050
3264
7011
18334
492
21660
17093
3394
27384
2
14372
14880
14557
6470
0
2496
0
8956
710
1633
8
0
5173
2152
17398
10999
13235
16730
15421
12974
2509
11952
10061
4985
10885
10417
16293
2882
4780
14080
19241
532
5105
938
10769
2895
4909
0
1510
17915
8767
9831
11115
11120
12141
0
16205
9685
4299
17626
4270
11457
3991
241
17745
16420
8180
0
12075
10112
0
6856
0
8263
8876
0
9788
15164
0
0
17499
4331
9138
0
12108
4340
4638
19985
24582
0
20073
0
0
11854
12834
5597
0
0
0
14379
0
8327
41
16835
0
16970
23287
11066
8488
18285
19999
0
8315
17306
0
0
0
0
2303
15479
0
0
0
0
14278
11898
15182
0
12180
6965
13566
0
15613
0
14828
15014
0
0
20263
0
0
11615
0
0
24264
0
0
0
17199
12574
0
0
2194
0
0
11733
7074
13633
8781
15559
7659
10924
0
7019
24909
0
0
9525
6212
5866
12002
3284
15567
21344
6240
12083
12359
10132
10070
2056
10620
1074
14057
17095
9936
4215
5160
5512
7212
24188
19570
9636
4995
10069
3792
12574
11587
9594
4062
11899
7182
22644
1332
10727
8123
22053
23804
24710
18162
15415
1405
10625
9611
2366
16977
9491
13084
14467
12320
13201
6849
8889
8313
29327
8844
9816
18081
9245
8604
17499
13745
22293
12970
3949
4479
1849
9971
7967
1292
9726
1241
6586
12817
4617
12097
17969
8430
4756
9942
7409
8291
10648
10475
1335
23873
9692
5431
21749
5903
9741
6919
20660
11027
2193
8858
15359
21903
15565
18909
489
2674
13076
8689
8819
17023
7716
2486
14095
8445
21811
2663
5786
8293
1874
11524
13435
17638
12767
7506
1651
679
10986
1069
1339
5429
5890
19724
15615
15681
16512
472
17297
3203
5406
11564
4955
19151
3981
9852
16977
5776
17405
4484
7873
594
6988
21066
10370
19736
9828
3452
8377
1118
806
7620
14952
12003
3851
1402
11323
4728
26648
506
16485
9407
4828
570
516
1791
5836
12469
3920
2147
6204
10906
787
3199
1222
12867
11005
1222
13214
19866
16738
16376
11688
4296
20100
22250
7616
16119
17441
909
5505
16598
12947
16321
13317
4391
6830
2418
0
7628
496
0
0
0
0
6917
17042
0
20643
8081
0
4411
24391
13712
0
19911
27217
0
0
0
0
0
5372
17667
23708
0
0
0
13379
8289
0
21080
7449
0
9976
0
16421
7877
15469
0
21055
18306
4813
18568
9660
26395
4571
13886
20033
0
10084
5039
18766
5809
2
0
0
0
12500
18379
0
15747
11497
10762
10136
17152
0
21516
0
0
0
4773
0
12806
0
0
1
5520
0
0
0
0
15193
0
0
6951
0
0
0
0
14522
0
679
0
6303
13526
8729
2429
3909
7856
6495
12823
4381
10030
12737
1918
1854
16340
7852
8193
9045
4753
4909
12765
3782
9986
5852
5128
5649
16576
5431
8610
5997
16869
7350
20402
9071
15114
13671
2722
9722
22218
5493
7530
9216
8212
21299
2789
2747
8012
21313
4657
7329
9199
1214
21585
9507
11630
8494
12316
9934
6467
10480
2533
18480
3484
22152
15233
14772
12434
10095
5403
4050
3754
16262
6394
5324
13516
17545
13691
11792
6121
21001
14803
1755
6578
1789
15135
6040
3307
15780
11035
3058
7745
14260
13361
17528
2048
9547
4099
10569
18922
14184
10715
0
6885
7408
4382
5024
6001
15891
0
20088
14220
23189
0
1
0
10824
18037
19059
4065
13443
7962
0
7075
5591
8856
0
4515
17177
18012
3521
19414
0
10502
0
22
14771
0
10307
9728
11560
1
13174
4221
3389
23754
18275
0
1
806
2
15410
17
19740
9427
14821
15174
20691
15143
11892
18146
21877
5970
18359
5898
1
17828
5906
7014
0
0
5884
24
13989
11785
12901
0
1852
687
9253
11981
4997
0
0
7660
2
2
22168
21158
12576
6941
9998
0
4072
7081
5917
3881
18217
0
9289
0
13776
4705
1598
2391
14353
6705
13428
1353
10122
13077
17502
5443
1936
13195
10227
4144
5422
15881
4122
13555
2478
17253
12283
1664
14283
8973
1451
13156
2229
13335
8794
14395
11618
2596
3933
19034
16804
13287
1642
13459
6621
11723
18321
8034
14183
10747
17813
1486
15310
8106
1821
22431
1713
3301
19508
1992
1918
6155
11361
11205
19091
14041
13623
22483
2265
11475
3498
13317
11698
4692
4399
5640
2243
5282
12732
10502
1234
14686
10768
10696
3797
11102
17148
19674
14013
13230
4368
4396
5954
12974
17749
13813
12329
11778
7715
7082
14753
11385
4526
6702
11912
23933
7357
11222
6858
7704
19914
4782
6244
3466
20567
7537
1015
12795
7817
13479
10864
3580
5764
9911
11147
11622
18427
2838
16383
19694
10118
28017
17495
8786
1314
11795
978
14298
16301
7217
5660
16252
9493
9659
5994
9500
9262
8142
10764
5562
14953
6942
10066
7087
5089
718
12263
17067
1381
11248
3704
4895
7099
19342
7929
1695
8840
6931
10862
625
6434
8514
18131
6219
5433
8807
4631
2174
8992
8801
7158
15190
18120
12654
3585
8704
1311
10546
3962
21630
14778
11387
894
11344
2759
14139
9770
6664
3789
16918
12044
1575
20986
18685
14729
8474
13651
0
21597
0
14
0
11887
7288
2
2
0
0
4990
37
17
7860
0
8470
13193
3112
0
7253
0
5660
0
14202
4999
3522
16236
0
13174
3889
14454
0
35
5049
13521
3483
0
11041
10786
1
15903
14660
5362
18268
0
4227
0
0
18042
0
13394
4820
26203
10277
0
11821
2
23
16645
7423
11984
9200
5209
31
0
500
12086
0
18098
16317
0
8313
3
0
3790
6055
16192
17921
13349
3
2086
21171
20710
6858
7663
15
12371
22
0
19144
0
17743
15920
15849
16427
0
13304
19554
6053
18459
0
11609
21755
7034
6997
13048
28
0
0
16684
16415
0
7747
0
582
0
0
12789
0
23756
0
0
19823
12356
5444
10776
0
0
7664
0
0
12089
0
20572
11174
18104
0
12809
7234
18344
0
7969
0
0
0
21429
0
0
14066
8985
0
0
14380
0
0
22686
0
0
0
4388
4329
0
6612
10822
6762
0
12738
13519
0
14352
5605
12242
18625
0
8290
0
20887
21136
14196
11564
0
10644
0
0
19970
0
4973
12429
0
1748
29
5894
14949
4314
0
22899
0
14339
0
12097
8582
0
0
0
14779
0
11881
0
17496
9160
0
32
5223
11971
12592
0
14158
18466
6450
20153
0
0
9253
0
0
13714
0
16628
7664
10969
23277
4474
15
0
24
7829
9541
15954
3516
0
18328
8915
5108
15
6919
0
0
12985
0
0
19935
5945
23432
7246
0
8790
4911
18461
0
13435
0
16736
5718
6529
4555
12
0
0
0
0
0
6188
11539
17843
8837
18793
8413
0
0
19140
18
0
6541
0
6309
7777
14899
5664
19063
0
21469
7603
0
16311
12061
0
7470
1
0
9767
19180
3063
18978
0
13980
11622
11359
7145
21545
0
0
0
0
10499
14
4704
23987
15140
1
29
11350
11508
16175
17042
27192
7154
3
15690
6153
2
0
11116
8
22227
4878
79
3711
8400
1
5688
1
20377
12
12245
9431
7592
0
18
5581
19464
15191
6828
5686
5492
0
0
12902
0
7987
39
1
4925
9711
22026
7032
9201
8343
5814
4
5613
0
7251
14159
3945
15732
16931
5773
2
6670
13552
20017
9403
0
17091
0
12048
14775
12513
8523
14090
14827
7105
15639
10648
13
8572
19106
13912
18334
21387
17430
15610
12928
15076
9127
14226
14363
12215
3460
12903
3815
14293
13581
13103
12659
18579
8921
12723
14393
3156
7469
3447
12166
5884
14199
16283
14171
11991
3778
15069
14286
17432
6435
13503
8299
4423
12994
15672
5283
1600
21025
4752
17579
4477
15899
8260
4228
17495
9444
15291
8352
16530
12383
8176
17329
3275
13673
8696
12533
13283
9528
7485
9458
18393
8275
18942
3464
13607
17092
15447
15739
20024
17945
12488
6252
11414
1999
4312
14586
18625
12497
18585
10649
2728
15424
2723
3340
4464
3610
15222
16585
10644
13870
9469
16010
15711
3146
382
12607
16117
150
15605
20721
15541
11022
11995
462
3081
18310
21587
200
17428
6489
15220
12458
1264
1834
7889
6937
18935
4394
16595
10924
17382
356
14532
21032
15332
9579
1947
11518
6395
12159
9998
2084
15687
14455
2583
15527
1071
19733
6174
1323
18234
136
12225
22701
373
22369
231
1012
326
16017
277
5560
15560
13886
13116
247
12773
13287
8055
22755
2133
20470
15692
8640
16022
1518
17514
7823
15698
247
15191
18034
15072
826
11191
12313
15903
1519
9543
16480
9291
309
880
18782
375
5804
17464
12454
8713
12827
10785
21569
4705
10823
14142
17169
3120
4116
19895
2160
12999
12977
14655
4879
3289
6308
10982
15273
3228
16522
14205
12510
16693
4517
2658
4959
13658
3091
9059
15298
15116
12393
2167
2208
14088
13303
14186
18135
12265
19716
19081
12436
11717
6970
8436
10872
12032
16025
6561
11422
11452
3168
13042
14146
13010
14195
11263
12732
3651
13380
17243
15286
13112
11133
15367
3293
13010
20416
10312
15162
21937
3689
9381
2566
16684
3597
15719
4888
22736
12373
21039
11896
10561
3648
3367
14805
5142
18816
7072
14485
4106
6202
16791
17071
2812
13035
14817
9353
11996
13603
7236
15812
9754
14840
21229
3846
14847
15720
2886
18212
11306
13248
3501
14817
19675
14179
8471
10069
1175
16053
4388
13997
2115
1761
4177
13318
10294
4191
6003
12308
6210
12146
2203
20197
12932
14037
16493
17035
13839
19688
4497
4095
8188
3922
6354
16919
18728
15725
3202
4336
14692
3251
18938
14880
5497
13338
20821
13809
9193
18200
12512
11141
9720
5512
3524
2660
11272
18254
17493
6121
14349
9675
11278
6672
8655
16442
15432
17049
15469
3525
3931
16743
11278
9707
16330
1464
10630
15632
14185
14288
17372
3963
2285
4188
4626
9139
14370
12649
17982
9512
16122
2592
15475
12993
10115
0
0
0
5922
0
15888
0
0
0
0
4178
6510
0
0
0
0
19482
0
13120
0
9917
0
0
0
5552
0
6570
0
7406
7146
7254
16112
4917
11021
0
7476
0
16075
0
18568
0
0
0
0
0
0
5673
0
0
16537
0
14973
21693
13904
0
18034
6006
13808
15352
8899
1732
0
0
0
15058
5687
0
7078
0
6131
0
12680
0
0
0
0
10297
14337
23033
0
0
9192
0
19539
0
7391
0
6690
0
0
0
32712
16635
0
3403
4763
0
11185
0
11263
6105
13897
13226
19235
4330
130
620
7464
18113
81
250
92
257
275
14919
11336
20130
70
174
9336
73
3486
21171
14966
140
3394
80
12471
10138
26274
15614
20402
8247
4957
2931
20101
3304
5090
13777
132
11895
2729
9972
4229
77
21577
574
17655
371
20635
8007
99
171
1251
140
10818
835
16053
116
15292
172
8251
6775
13921
52
11628
13720
10105
3434
159
215
121
5464
7320
16757
16713
22375
12626
194
14622
10557
17359
11714
6128
9162
19392
153
19540
13597
12847
283
3630
5088
122
9071
13526
5347
485
504
14029
14803
1141
11567
12296
589
7964
1550
12808
14315
817
675
11508
12207
4157
1082
9685
25207
22278
1165
9850
16255
1835
14996
1075
7505
24448
4212
460
2677
14414
21883
6959
4775
12315
20268
8014
17775
13943
19819
20492
4661
14208
2344
1870
15173
10228
6760
6824
8281
5957
8165
22743
1818
1151
14911
12176
6840
14001
495
11904
935
4338
622
478
6575
570
689
17402
5899
18493
13868
12800
2891
4962
15675
13799
11345
12402
16643
2248
953
6463
18033
11025
2044
8578
13407
8898
975
909
356
19453
12424
3488
1759
17746
1881
8193
8766
3
5108
0
6145
0
0
0
0
0
6765
0
0
22452
12302
5239
103
14607
7883
0
6425
0
8235
9841
0
0
0
16393
0
13904
3759
4016
0
4946
7170
0
0
0
8051
5963
0
0
13449
11404
0
15363
0
8070
0
7108
0
0
0
14232
0
0
25261
0
0
0
0
0
8940
6699
0
0
0
0
0
0
24046
19303
0
7596
10460
23526
0
0
0
17989
0
11730
21128
0
0
12774
13242
6888
4488
18088
20833
14689
0
5552
6639
10807
6217
2
5606
7139
0
8278
12152
21539
7247
5352
1835
7904
8860
3386
16472
2710
9920
2714
4893
11247
4472
5999
9343
17661
18056
17374
4582
2172
13443
16372
7323
5212
1839
18576
3809
19218
10135
20038
8119
6217
13569
18130
5487
4685
14445
1441
10246
4720
2397
3259
4507
15193
1942
3405
7088
14777
13242
18774
1324
1679
21755
9261
3875
10376
20361
3549
15454
6798
7888
1752
20576
8781
12615
3957
6538
8500
15333
5597
9024
13985
9058
24369
7178
9146
10370
6542
6609
5915
10615
8037
4991
12414
19688
16571
9967
19223
11069
4040
13710
4816
4833
10507
9072
12245
8715
13946
14138
11405
9546
11878
0
0
13958
10536
0
0
14101
15136
3566
9474
0
19126
12125
24535
10090
3707
3144
8402
7126
12921
0
21767
15865
5627
14313
5176
9030
11962
1792
0
9887
6278
11824
0
16501
15045
21568
9985
18992
23269
22203
0
7754
13429
13243
6621
20
3968
4745
3335
10354
6829
18709
2557
12311
18534
13540
0
0
22486
12504
9634
0
18888
9963
11676
13926
13108
21139
13493
12471
8776
21118
4789
13698
23092
0
117
13130
13169
1295
0
18941
13782
3884
5216
18445
6997
1912
0
2030
0
0
10242
0
0
0
13179
0
0
360
0
0
15424
8695
0
12484
0
21836
16095
14263
9826
1501
16743
0
7725
16354
0
0
17761
0
294
12277
0
10561
9851
6440
0
14161
16379
22701
0
13153
2995
61
0
16066
16699
23510
0
8974
22
0
5201
0
24622
0
17536
16175
18457
14760
8462
0
14438
0
15970
7939
2094
9825
0
1805
0
14263
22981
0
9374
8576
10417
13917
4631
9273
23142
12043
14559
1251
16151
20403
12384
17214
9581
11897
0
0
9363
7414
0
15170
19370
9077
0
17956
1360
0
0
6889
16526
11776
2743
15172
3634
20819
16128
9391
16120
1192
3358
10064
12906
18587
6969
9512
22110
12563
12414
11998
2762
3581
10048
8092
3196
10956
19534
2662
14419
4300
10949
8695
489
17996
21683
17954
2306
2091
14833
3670
8339
5636
696
17434
8251
2255
8708
7192
14872
588
19051
9813
9744
5921
2725
13092
13260
17161
7352
10278
20945
3334
20785
6417
9398
556
4269
17773
2914
21316
1464
1503
11424
16240
25686
15219
3587
2959
10768
15740
16453
12419
8892
770
2279
3144
8224
2388
550
14813
10153
10336
11989
8748
5436
1690
11091
20506
20484
7645
70
8527
1
19979
14035
4256
4219
9852
18373
3740
7620
1
16918
15683
6939
14658
8208
5836
0
13279
25094
261
0
11693
27815
940
1324
1288
10796
9212
14890
9739
28
1
5219
10649
523
14071
14002
0
13547
19387
15902
12046
1
1
4541
22156
23058
5392
98
5260
0
18999
60
8286
13046
15308
2897
9579
20181
23163
0
19814
17046
8816
3656
5059
3234
23044
3748
2
4056
564
6710
3540
2
23880
11757
6556
4549
16065
6555
155
849
1457
1252
17854
10102
14724
38
72
6955
11167
27027
16004
10374
3586
7565
6320
8939
2132
1140
14835
13566
14594
14644
12008
8628
6298
6466
15115
5935
1730
3325
9397
1307
2270
12288
543
2552
6062
16466
18734
3138
15974
8253
1196
7230
1221
701
1464
12468
14216
10048
17263
17557
2612
13647
5297
17468
3805
7916
21069
23788
16375
18826
718
4980
29366
9180
3219
6434
2843
2460
6287
3883
1877
2670
23875
1346
11309
12345
7668
10491
21916
11912
6148
12445
7114
14346
15866
3981
2065
2752
14850
13425
476
8896
15040
17342
12600
16382
21591
8489
23357
13008
12606
17997
12426
3413
3533
13546
19870
14869
1842
2151
17072
1442
2507
0
8543
11687
0
0
0
0
0
0
15369
0
10869
0
16217
0
0
0
13852
0
16223
0
5397
14377
11223
16230
0
10155
0
0
0
13335
9225
7555
10207
0
0
4944
12605
11866
0
15559
17130
0
20607
2678
17779
0
12045
0
17017
0
16997
0
0
0
0
0
0
16009
17473
0
0
0
6673
0
0
5809
0
3642
0
15225
0
0
19565
0
14729
16023
9431
0
6445
17465
0
358
0
0
10559
0
12291
14442
16659
11782
8204
16752
0
0
0
18705
9758
0
16870
21337
671
7834
5105
7854
7622
256
8229
2473
17685
13372
13614
5779
288
7231
308
166
17110
2722
1548
6691
14887
20832
4104
4464
8449
2476
188
230
4720
15112
5124
1584
22341
20801
22101
20829
16361
325
8660
1395
5760
5193
14078
2999
6178
212
3314
18510
8177
4879
6779
16709
20779
12331
10441
10009
6159
12079
14586
5519
9169
5350
4784
4651
1774
1048
1349
5300
11404
715
6547
2065
1002
7343
11337
5120
6035
10576
17900
21772
23840
360
248
2705
13949
10379
18462
28291
3946
141
5329
1080
14384
1001
6294
4072
816
3241
20685
7613
300
17004
15331
17026
3555
1476
17109
12822
8055
256
1328
20800
2135
2390
13938
9406
2278
297
247
12696
7471
13772
12119
9148
12087
166
12378
9663
21539
8820
5416
1885
221
9518
13090
11846
20003
15999
10146
4428
5529
14966
2149
9458
4072
246
12117
14000
2220
12536
14850
12798
5724
157
10023
13311
16461
10672
201
11609
238
14663
20708
15264
2010
441
12187
10061
9586
120
19562
201
19772
1713
3166
3179
16971
12260
15140
335
253
8531
12810
6811
7728
658
10657
2141
1352
2614
14370
8444
8922
16527
9166
8697
3822
1350
3869
10018
6855
437
2778
15468
12264
10361
2396
3136
13058
1387
6253
2008
21613
2381
6218
2515
15592
1068
4762
19198
4161
7586
10397
3048
2730
8382
7775
16499
8604
10421
3614
16098
15654
19456
14981
1780
12522
8078
5330
6525
431
820
3020
21715
5205
10855
1630
2565
2744
1732
17644
2767
22216
3764
7552
17448
12880
3143
17592
18542
2468
2893
7062
13050
528
14556
17612
603
1927
21565
2677
18774
18335
11505
20642
334
547
17337
291
3596
21477
18490
337
442
433
3815
2424
23720
11302
11185
9911
27483
8934
15387
3040
533
3182
3223
11148
21456
0
0
4979
2227
0
0
0
0
0
0
0
11301
0
0
7428
0
21565
10708
20232
0
3342
0
7592
25899
0
13380
15747
17331
9590
0
20455
0
11781
8282
17952
1296
0
7535
6255
0
12490
9835
0
0
0
17831
0
5019
9729
0
17347
0
0
0
0
0
3652
19050
4114
6697
87
0
4060
0
0
16666
0
0
8308
0
10538
0
5847
0
10828
9523
4241
0
11730
0
24151
15202
20148
19098
11022
23498
9412
0
0
0
19915
0
16236
19440
4421
9214
0
0
0
0
0
15285
15086
0
5948
18181
0
18986
10939
0
7722
0
17424
0
8674
7073
2061
10334
0
6185
13807
0
0
0
0
11987
0
0
0
3248
0
11603
0
0
8016
10034
10829
0
9097
0
0
0
0
11040
0
18811
10520
0
12675
0
0
0
11670
15625
13730
0
6860
9838
13840
11602
9876
0
11911
4659
14179
0
0
0
0
0
16355
0
0
0
10849
18099
0
6845
0
0
0
9167
0
19170
0
0
0
0
3582
0
13588
0
15503
0
0
0
11259
4707
0
11830
18473
1213
620
8730
12406
3483
9051
2347
2601
8210
10785
11235
6282
18640
13246
1643
16231
8638
2337
2442
7494
12730
9843
1123
29462
9330
10429
2945
12955
1573
10199
17192
24257
16643
15242
20975
2877
2356
11287
14741
14951
1644
7730
15069
7479
6754
2161
19331
2996
13339
642
12528
6779
13019
14546
18822
17676
15953
18924
3605
17603
9944
7528
3235
8533
5566
1725
11880
17950
14385
12432
1870
2727
9750
3024
1946
7115
6237
4374
1792
12969
8368
1234
2172
2348
5176
1872
7410
13458
10323
5640
931
8205
12689
2096
2373
19154
17342
3562
11987
0
1368
0
12783
8288
20364
0
2450
0
8031
0
12031
12307
21247
0
0
17864
11309
0
0
6787
16310
0
0
0
0
0
0
0
0
20980
8605
3953
0
14639
15387
17620
8583
12046
2091
0
0
20246
18267
7027
0
8496
15326
0
6415
14200
14465
10705
12791
1726
3443
6831
0
0
15
0
8170
0
0
20819
0
13723
12954
0
14773
9217
6890
0
0
21873
0
0
2036
7767
15287
8966
11335
10704
2247
16917
3448
10478
17097
0
4270
7914
13844
6054
0
14916
1650
0
10505
14678
8173
14819
2232
8978
8777
1343
57
6604
5421
4261
458
10529
124
55
12744
4163
61
283
9979
6821
12070
68
1175
57
1334
13424
10439
147
1955
7092
4000
21876
188
18746
22760
158
18985
20024
22222
13997
2206
11048
912
7767
14297
12272
68
14854
4942
8204
6217
11739
64
12578
5198
10821
20035
7665
3956
6683
20695
8986
9202
3102
4374
9589
6094
3547
3304
11795
4782
2655
22639
557
2104
10745
1760
60
12969
5536
4424
11759
5715
3971
12707
12068
1051
6397
431
16405
4600
17263
1403
244
2197
18709
9158
175
45
14380
8482
0
0
515
9032
1632
0
0
0
0
0
0
9473
0
1199
0
13068
11142
13155
11129
13918
18337
19135
11170
16598
0
12600
19094
62
0
8442
9786
15432
0
27204
0
2859
65
15625
5614
0
5019
3593
10888
6665
9714
2469
0
17042
4889
13570
0
13768
17207
3023
12760
1458
8006
1299
2143
9283
13385
0
10462
12273
18702
8328
13083
0
1361
0
13185
0
23992
12001
19923
18117
11848
15537
4321
15276
18251
18458
15273
15760
7492
2661
2886
9217
9527
12163
0
0
0
16684
8323
14589
8584
4273
0
0
0
0
0
0
0
0
16839
3571
0
0
10475
16862
1161
0
10825
10278
0
0
0
0
10975
0
0
15102
0
0
6663
0
0
0
5660
14905
16310
0
5844
0
0
0
0
15880
20211
14557
10414
0
7386
0
0
11976
10474
9179
92
0
0
14407
5194
87
0
14182
17553
0
12475
11599
0
10000
0
15078
5304
7797
0
0
0
14275
0
0
15663
14734
0
0
12987
0
0
14981
10750
0
21229
0
0
0
0
0
0
0
0
0
0
9970
0
12719
0
7555
2268
19126
4020
3309
6807
4477
12533
3058
7567
2125
8105
6893
12639
12868
10772
9063
20370
10219
2731
18023
12293
1172
4624
5120
14624
10345
18719
4618
9804
9569
14330
821
3050
5254
30442
2705
10590
8747
15974
12613
22974
15739
17153
3682
13722
8717
27815
3860
5239
4732
12304
20215
19137
23301
20959
4628
4290
4207
19238
1636
1093
12276
16239
20169
4863
8703
9365
16452
11654
2007
1987
23756
4140
20681
14387
15880
1761
10138
4110
7541
14617
12052
9481
7206
12518
6081
2474
12060
18586
15219
16297
18107
3485
1379
4226
9577
12737
11653
12393
24026
11605
290
16198
4270
4742
10826
15628
11235
4899
2798
340
10812
6155
4100
176
7238
180
23991
2936
6164
716
17245
23263
7231
20587
254
1805
5025
19286
10557
7894
19589
3833
7440
7799
21484
15404
10647
982
1008
3484
14460
16852
7085
11498
4506
11431
3808
8366
5228
13032
386
5739
303
5727
18885
3034
14255
8752
5715
375
427
1532
2993
1612
6796
13090
26262
1419
15839
6407
17859
6204
9990
2468
6496
24522
4536
25752
1271
6340
5317
18838
4531
11636
3676
4201
10692
8025
624
14002
11339
6967
3780
347
5254
7778
3188
14329
11322
10149
15842
0
15093
14704
10674
11916
0
6831
18460
0
0
4290
14072
9397
0
11732
15495
12828
0
13228
11369
11413
0
13011
2796
19401
0
0
4259
2072
2351
83
17047
0
4293
20765
7015
12972
0
14763
0
12239
0
9632
8631
9669
18806
10106
6317
13051
8699
14241
12289
4771
154
0
19522
0
0
17723
0
19464
20130
8654
0
7832
3113
17117
8508
9741
20539
0
3930
13573
20958
14655
0
13420
463
3490
4413
11523
5013
9542
13927
0
16005
0
12914
15948
12896
10654
0
18040
10076
11517
11356
8507
7441
0
1659
11086
8195
15297
8896
0
6918
2792
0
9161
0
0
0
16342
12664
0
22042
0
6535
9475
11581
2387
0
6523
7447
0
0
19144
15406
21177
6981
0
7208
0
0
19488
0
8250
0
1835
0
0
9185
0
11871
0
9645
14134
5818
0
0
0
0
13451
20239
0
0
0
0
0
11722
0
19241
19257
0
0
14569
8946
9805
0
20104
0
0
0
0
0
0
0
0
15972
0
0
9868
16996
0
0
0
19872
0
9051
8043
13879
4875
0
9471
0
8987
0
18392
6977
0
11724
13693
8313
5728
6456
22594
2678
13204
16749
1993
12658
9828
0
8247
8686
10138
14331
26697
0
0
21975
16468
5363
19889
7918
7680
3323
25652
3985
15064
3026
13342
5387
18591
0
0
17074
13450
4727
0
14573
3727
18545
13
11761
15148
6588
11310
6332
0
6690
7801
6444
17707
7819
9081
17522
14493
16259
12650
13915
0
28
8266
0
0
7516
10524
0
13059
9605
16097
12608
10948
1811
0
2683
0
0
13434
15352
9560
8120
6591
0
11939
9535
18069
0
21611
6
9109
13818
4066
20
5706
0
8818
13828
0
548
19539
7714
36
12146
6415
12075
8566
10802
19
11563
38
10101
7430
14051
5725
7906
11096
2
18415
7703
10672
7
4665
12319
1721
19
0
64
956
13369
5585
16715
14654
5090
5599
0
0
8360
7
15867
9989
4694
19370
10443
19
2536
7691
18205
12887
9226
4478
0
15470
5717
17866
16427
7
12726
0
5636
4953
2649
0
2
5165
15125
72
11378
9645
6306
15730
6717
13855
51
13979
15618
18668
4505
5065
19195
11678
9794
14468
21563
11609
9301
0
25
0
8773
9792
10735
0
15275
22
4643
3697
0
0
4
5417
16
9616
10899
17737
19658
0
0
9716
0
3219
8657
16840
4881
6379
6950
7360
19
13467
11869
11268
11848
15
908
4948
10826
8777
11048
7898
9746
17488
6061
6556
10120
0
3281
4969
18594
14203
356
12950
15590
52
7790
13031
4960
13965
22686
19640
24228
6942
0
8988
6781
2797
15681
8396
17355
63
3281
4919
11479
7924
14456
3539
0
12181
6447
12048
2
1130
0
1988
4582
8
8164
19237
9176
0
8514
7213
17502
6
17160
7668
14303
12026
18562
1387
19496
0
17407
23
21532
0
16524
12343
5748
6907
8025
11851
8879
7948
837
10120
9023
7323
8993
334
13244
9081
10501
560
651
2459
9243
21524
2881
9177
288
3462
7070
12503
9243
10018
5246
12869
13863
12832
18191
17037
14275
12837
8065
14021
15003
6841
11389
9530
7275
4429
839
11119
3436
10801
2974
5121
4430
9329
7999
8022
5627
10516
7405
4887
370
21029
6259
12167
5922
9366
13566
7015
3922
14910
7774
449
13118
9827
5131
10947
535
12763
3979
12353
1178
7783
9467
12089
5559
657
2549
10038
6765
6060
7737
843
8922
24298
8679
7573
14485
9909
15258
547
17971
4779
0
19578
10128
1188
8591
1074
9730
4148
0
3
0
4314
6449
8472
10550
4566
1822
12958
0
1049
10440
9583
4013
10446
0
0
342
13006
10222
9676
10471
8601
11930
11618
9736
9024
0
6801
0
9197
6123
9674
10234
0
12734
14008
10207
1054
4021
10940
3814
2908
17271
0
0
0
23161
10197
0
14834
13716
0
8899
0
0
0
16290
12833
12212
3931
9732
0
0
4340
16432
13053
11227
4965
10197
10732
7338
4917
7733
5927
818
0
9108
6039
5213
7772
1561
11188
10894
0
0
7081
0
10951
9436
1026
0
6133
0
0
0
8150
1155
0
11351
5865
1446
0
12763
15597
0
3
10480
12833
11286
2986
27965
0
4145
20888
22146
0
3145
10698
8265
20035
20835
1166
3640
10107
19114
959
16206
0
8581
14955
10813
17923
2
0
7144
4986
19
7063
4719
10911
0
1228
17516
10834
31
7440
9323
6648
8825
57
11428
2491
14592
10812
0
0
1529
19421
20420
1231
17103
10696
0
0
5650
0
10810
9789
17417
18562
4273
9758
13699
7141
9209
22412
12
7810
0
13734
313
14530
9997
14681
23979
606
17420
5506
8279
49
13668
18073
16295
8931
16321
17629
14513
36
6879
17067
3002
11043
20690
11183
6359
6099
37
4408
15
3658
0
11035
15864
5
10276
19016
21
10135
7193
14942
14643
42
9668
23255
2181
18706
25
8622
5937
9830
5814
6802
15758
8775
9718
12287
21531
0
16330
10516
13906
20678
33
6553
7853
18610
14685
17
6968
6555
12628
17936
6467
3309
9329
0
6886
7686
7003
5869
9986
20986
12034
21439
6712
16726
9516
13342
7645
8489
0
8699
7300
16447
1799
6093
13552
1723
0
18019
14554
12460
7266
16742
7268
6476
6105
0
0
9977
8511
0
9454
0
0
7924
7768
0
18957
0
0
6555
9378
7433
8160
2
10154
16711
0
0
15609
7629
5182
0
4760
0
8614
0
3419
18470
0
0
12817
16182
12485
6445
9736
0
0
6155
1466
1274
1592
336
23283
20497
22835
19355
6199
0
56
0
0
13891
51
396
5622
3897
13576
0
17883
21543
0
6899
5778
1038
7782
1
17204
6642
16950
8113
0
8930
17566
0
0
0
16570
7958
0
0
9046
0
0
48
4587
6372
8827
0
13535
10113
18934
17549
7877
11323
14925
17814
10153
7211
0
0
5400
0
0
0
0
0
0
12383
4
1263
0
6223
12586
6555
0
8440
0
0
19940
0
6100
16512
0
0
11760
15538
17611
0
0
17268
12189
0
0
0
0
0
10630
0
13557
12759
0
16137
0
1144
0
1937
11362
0
13284
923
12132
0
12857
0
12347
0
11100
0
0
0
4149
1875
0
4575
0
4147
0
0
12414
0
8620
10211
0
0
0
13139
0
14393
14390
0
2554
0
241
0
3
7432
12485
9934
3845
0
0
2264
0
0
19141
0
0
17411
15044
16090
0
0
11479
0
12907
1063
0
0
10174
11045
10430
0
0
0
0
14036
5316
0
0
0
0
7657
21002
0
0
0
16281
0
0
8078
1050
17089
0
0
7856
10437
13781
0
16005
0
10083
19045
7702
0
0
16985
0
14800
0
0
1717
0
9604
17273
7332
14430
2
0
14344
0
0
16787
5057
0
0
0
12484
0
0
13325
0
0
1153
13629
0
10324
0
0
1066
11056
13193
9407
3985
12180
4746
0
0
13550
0
0
16140
12044
13175
10874
0
0
14396
1112
21295
8393
10722
7158
7904
13105
1928
696
6870
2137
9765
0
749
29174
0
12238
0
3798
1099
0
48
17381
15038
15423
0
12855
6906
0
1
1796
45
1108
8673
17636
0
9379
0
0
17603
21043
0
10652
1142
12577
15433
0
13265
16385
0
1
9679
39
8889
7177
21192
0
0
20702
1021
14117
14917
0
1584
5389
16992
0
0
5911
5083
0
821
0
19856
0
0
1
8113
7801
1051
0
11125
9967
22756
1415
15090
15657
0
15213
16610
13032
14382
7000
7099
10773
20246
13535
468
0
9525
12322
16823
5260
18996
0
0
9310
0
15209
0
8086
13021
11640
16575
11599
12676
1175
0
15245
0
742
8298
6365
0
11106
0
0
11913
0
0
0
102
6248
16049
1926
19448
9933
12491
1349
825
8919
5683
11317
0
15514
0
16413
18870
10429
8269
1218
640
0
0
10279
0
20425
0
0
0
12356
0
0
0
13618
0
0
15012
0
0
0
0
0
9326
15070
7010
0
0
9251
14606
0
0
7309
0
0
12618
11484
10442
2112
12220
0
11701
0
2695
0
10445
0
1381
9774
0
5499
8969
22146
5482
407
25109
16476
13498
9328
1428
16067
6369
9649
12516
13196
5391
7978
13667
10466
5785
20630
349
395
9840
392
11529
8199
11432
9409
16781
15921
2065
9511
20599
9582
11771
9368
19082
5502
8666
5835
10996
14047
9411
12769
4337
8257
1820
3890
11920
14067
708
1832
9061
6623
707
2743
2980
8743
16725
9990
5396
1445
7467
3688
3445
5013
7217
13660
7266
10045
18407
22655
4094
12359
13552
5858
11687
13242
5312
10225
18814
4926
10407
9483
14788
9019
533
12376
1618
7794
11011
786
13517
15255
467
10555
4229
3807
12366
7751
17191
14981
11852
4169
7538
4343
3725
14915
13645
13376
22104
18003
8
5116
0
8
13635
0
6480
3431
14362
3194
11253
13340
7522
6383
13822
11629
0
6122
14004
5436
0
13906
3142
10820
21369
0
17
18423
18
28
22033
5829
5274
3
11969
7845
1281
1388
0
16429
1
22775
9430
9824
12248
14785
16353
0
17424
8899
15045
5719
9143
19674
8791
11301
10082
24
8463
0
12962
15174
1427
17509
19467
5223
11655
9462
16071
5033
18384
1768
12442
11067
11811
15184
12344
4322
8453
0
13225
6440
12756
9804
2401
19870
5862
0
0
0
0
10783
0
0
8545
12275
11157
2758
15925
0
7483
0
14539
0
12603
0
5053
8024
186
8750
0
13123
9481
0
5076
15117
0
13796
14112
10005
0
0
14065
11398
0
11711
5255
13408
0
0
15858
0
9807
9749
0
1273
0
0
9019
11436
0
0
0
0
10896
10378
4055
12542
0
985
12609
13601
0
9504
0
20941
0
0
13784
14160
0
12334
0
0
9322
16607
15158
0
5081
0
3
9724
4295
0
0
12107
13335
11966
11395
0
9663
14250
12073
0
0
0
2638
2956
20939
17850
7513
262
1746
999
3039
570
278
431
1469
9683
20728
6791
11234
9719
5314
1409
13760
10520
10275
10286
23193
18623
11276
2905
1869
2356
3808
9995
18132
3802
13036
11142
8819
7525
966
390
9474
2433
10026
6232
10965
16048
3870
368
1228
10777
16072
7716
14677
4167
14556
13525
12534
20267
3737
11453
15272
14392
19914
2956
9749
10493
5213
9914
9150
7966
13577
16246
675
6540
6765
3883
5997
11837
1613
12836
10851
10014
8845
15056
12358
3342
13499
4442
11719
9574
14197
13712
11165
8806
4802
4873
4078
4761
8064
23744
9402
8695
11113
9614
0
13176
8024
0
13342
8114
11428
6276
8338
4289
14034
0
4318
3764
17660
0
7601
218
3698
16402
9703
0
8299
14786
8664
16943
22074
12621
3431
17644
10371
989
9898
23756
17717
9452
1045
18920
6594
114
3027
0
8247
12056
24145
4603
19768
0
7598
0
4623
0
12845
9350
4239
13473
0
27
16830
3906
0
4268
0
7665
10316
0
14
5840
14606
5883
18494
3882
0
16554
12417
12643
59
9364
21
96
21956
10418
0
17369
21
0
14799
0
0
12
10262
12356
11190
16139
13905
11282
41
3298
3843
10451
0
14562
11183
6942
9354
7806
0
0
10743
2706
59
10648
10831
672
10283
9417
13689
1233
0
0
0
0
4401
0
11117
12802
10303
11029
0
0
0
4656
0
8302
18748
12241
3086
6588
1705
0
0
14211
6276
12313
7422
0
0
0
0
299
14055
8590
7807
13880
6265
13611
11067
8433
0
12390
9178
14808
0
13731
12942
9091
12974
9074
3966
11380
3465
0
20177
9603
4667
12841
10455
7825
855
14146
8760
1460
0
2
7879
7729
8828
13680
739
0
7973
10922
825
4787
4275
12463
5667
10664
0
0
28
8407
10498
12274
12345
14654
12528
13015
0
9425
17325
0
6556
3072
10637
13018
11576
5563
0
12604
0
11399
0
4500
0
0
10092
0
7835
8065
0
5040
1418
12175
11264
0
1204
1406
15328
0
7531
14937
11560
0
7836
0
0
0
28
8243
2207
10648
18370
7405
689
2211
0
0
12399
0
0
14310
0
195
0
9520
7095
0
0
6642
0
15586
0
13389
12048
0
13502
0
0
0
12057
7793
10637
5158
18695
0
0
12726
12851
245
10769
5917
13933
12964
0
18639
12371
34
10375
0
0
0
21910
20142
5
6526
13919
0
14017
0
0
17756
8461
13061
16887
0
17640
0
19910
15343
21013
12850
17358
9539
0
0
0
1
491
1405
3572
0
0
0
43
5956
0
0
4126
15210
0
5069
8150
9254
0
8359
8199
0
536
5006
149
11848
1182
23546
0
0
0
8710
0
8078
0
0
0
0
10890
10617
99
928
14264
16623
5626
0
0
0
11654
1143
0
20899
9102
10895
3929
9777
18423
10682
0
13728
20356
0
0
17222
0
16215
0
9530
16838
0
3897
