VectorTiemposConRuidoAditivo
19218
11464
12218
21610
20829
23237
19175
13586
9977
10258
17295
13255
24506
0
18963
13370
2520
5562
15062
9759
6303
9821
20623
9797
19773
15483
17364
18397
8936
11154
7065
7575
14752
5496
1374
0
22281
405
11742
13936
10786
4062
0
12370
2149
1327
13082
0
137
13057
4104
2531
4143
1195
4988
8095
963
633
25
0
15346
23161
1741
0
5240
11050
13305
3016
14418
10501
21772
0
0
10498
15492
21363
0
0
10845
3338
8472
17754
940
367
2012
16449
2176
1362
9582
1397
2837
1807
12750
240
10825
186
10284
145
0
18221
5806
17906
4406
18937
0
11093
19904
19536
2645
0
0
5371
11049
19584
5049
8785
13309
8134
405
14562
0
17820
10981
0
13491
3291
2946
17154
11337
16183
4796
5379
18923
13308
2334
12152
10667
15262
0
2457
2714
2369
14030
14690
12978
10999
19075
17715
12786
12712
5202
17731
20624
6030
16507
2772
17595
12242
11764
12757
16624
0
15472
4979
976
20852
9463
19823
1003
15602
5664
12325
10031
3752
12802
6891
0
3102
10124
358
7421
16337
2574
10868
1145
78
5468
4634
3237
5900
17344
6420
4801
1314
2727
4756
12525
19026
4879
8873
13235
15313
12479
8511
8770
14547
16173
9128
21831
17719
13955
12853
21104
15182
1529
2285
9799
3156
18484
21819
10568
7949
11511
12444
11957
602
14989
21808
11111
15313
18572
19489
10928
12247
20487
20294
19861
3666
1548
7104
1341
14432
531
226
13561
3032
0
11226
3370
3713
18951
6640
18025
5048
12691
2001
0
13908
12096
2471
1503
14545
21991
12432
15512
13587
11978
19119
17611
17373
0
0
5728
13694
637
12530
0
18417
1
1244
562
15677
983
21974
18757
572
1231
17766
8178
0
21121
2226
20058
11070
16064
994
1073
21962
34
14117
4263
14647
18387
10518
4559
17169
12204
12489
0
5213
1312
13627
13666
15581
11897
19042
1274
6087
4128
12793
4184
16329
12816
18408
0
4166
15718
11933
15375
99
14268
1513
2144
10876
10860
14252
11084
1905
17451
17515
15082
2622
17996
15021
12283
19790
15048
19667
14805
4533
19554
1796
482
385
4443
3602
14042
9276
18035
17297
16299
434
726
11858
15151
15943
14569
16449
0
3716
11003
4277
6628
3813
1856
16680
5080
10988
20805
19325
14003
11899
11176
15297
11209
15724
12854
2799
14411
13983
10888
6002
13662
15824
3152
17626
6722
15984
4595
14039
17038
1643
16585
0
2149
2712
21136
20744
20231
0
14915
20552
17579
13856
0
5116
5035
3177
15255
4693
5421
610
17891
381
11538
323
11146
1591
5519
18582
5580
3703
0
15743
17019
1743
21256
9907
1939
1232
16014
20513
251
13363
18877
20492
4107
9164
0
15054
12611
0
10886
12076
15607
14138
5433
11378
15663
10474
18618
6094
501
2168
16861
3463
11064
14217
16367
10768
12948
1519
12499
1375
0
12119
20732
17396
10613
0
19936
14177
29
3615
9316
14253
14719
17414
1275
17441
5806
17727
312
19030
10077
18105
782
0
2930
8868
10629
11352
11675
10983
9686
16137
19800
17553
930
9522
11956
16124
5267
15704
9750
10662
4865
7648
10781
1118
9226
5341
11254
12020
12298
14176
12047
11266
11359
6033
10208
3983
2870
14229
5969
16992
19298
0
4854
2816
14757
16269
18766
10780
11069
178
10127
0
6051
0
7001
16536
17379
4565
17446
2993
15561
1060
9788
16533
15159
3513
5106
0
13826
16304
5029
7669
0
13474
14305
11123
1724
4297
12962
13476
12850
1724
46
9704
2680
16744
12137
2738
9368
17330
1017
2980
5589
19767
18603
17359
15471
13797
17941
20575
5225
5520
15187
5627
13701
289
4897
9950
2618
0
807
11929
16780
16901
0
558
8382
16875
1671
4368
14194
12710
7199
6669
13903
16732
10497
15274
10424
3558
18264
471
4409
21949
1821
18192
16842
21125
18492
16533
5181
1277
12741
18830
10713
12501
13392
16563
10205
15650
11253
4253
18321
18211
0
16270
15518
7478
5059
4202
7703
910
18274
14801
11618
14408
10401
5260
10076
15437
2253
17394
4501
15653
18801
1770
698
14971
19097
13960
96
12344
18268
7508
39
15544
14871
15931
13501
10011
16853
253
4756
15294
7587
15480
11792
10191
0
11004
8814
11064
1075
9817
11520
2416
11429
2123
5183
2100
3861
428
12877
18699
2957
15664
0
11420
10289
13424
16946
334
16916
2243
20935
0
2931
188
10890
21492
19982
3593
369
0
1218
20407
7946
4229
0
13005
16960
264
5539
15868
0
17079
1166
3788
5282
22214
1201
0
17019
11470
1059
12971
15505
970
570
13985
3789
11575
15402
14766
21585
14140
8924
16566
2940
14030
9520
0
8856
9379
163
15833
268
7550
9510
16270
10833
2464
0
318
20012
2591
15172
21904
926
18836
11944
14938
8761
1764
8749
13681
0
7319
12122
7120
16520
0
0
9271
6967
273
0
17591
16788
13632
0
0
11654
757
0
427
0
0
0
9707
15152
1656
0
21153
17868
5210
13892
0
15098
12621
17289
8662
0
9558
17410
18089
17478
0
4269
17401
8965
16943
0
1236
2573
10814
0
7297
955
668
421
0
683
0
19215
21653
0
0
7862
79
1277
9734
0
7058
14205
0
678
271
15241
0
0
652
16669
0
19342
653
1654
0
545
0
0
11856
12198
13752
855
20322
0
19844
7738
0
764
8494
17886
1070
1318
956
0
4890
0
0
0
0
14198
5457
8649
0
3714
3281
1180
16899
0
338
1309
9523
0
0
5599
14237
8189
0
1192
10622
2384
17080
17246
0
0
7987
14691
15437
624
0
15325
8267
0
0
0
658
41
20115
17920
9532
16389
8938
0
9875
112
0
0
20228
5
16968
4111
15921
208
9016
841
18934
13818
3228
233
16483
331
10325
1773
0
15883
1036
10202
17831
13401
15971
11209
0
15591
0
668
0
17325
563
434
14133
0
1044
121
16819
0
19138
0
6222
1508
7876
9479
880
0
0
9140
0
1258
9169
1188
536
19470
0
7205
16526
2855
16249
0
14659
17936
11860
0
22230
8491
2351
0
0
15158
13227
19454
12772
1884
20289
18298
10290
1350
16814
19203
0
1213
20937
14090
9063
15760
5342
9423
16924
8190
222
0
16876
5396
11851
8997
10213
91
1186
0
19650
0
12182
0
632
569
11001
1111
11239
16746
0
1432
880
6981
0
10325
0
3415
9980
241
13806
23000
10964
10635
0
3504
584
0
8097
13630
18313
4658
0
4754
20434
1480
13296
10178
0
11026
253
11304
19414
1349
0
2825
3986
15694
9361
1915
17873
19357
18256
273
12382
16764
15777
0
11832
0
3423
16046
16583
21796
4694
1964
13952
8524
18912
18578
3906
21327
10265
10041
0
172
9100
11895
14265
16484
11745
2388
625
8300
22058
9363
1625
10370
1299
18810
11542
318
10977
14413
8769
0
1349
5523
2863
3267
14427
11178
0
11783
15996
19634
16155
6947
864
3068
11681
11213
259
8724
8796
13312
12793
0
13901
15623
16579
8398
11847
3538
8804
0
19407
11734
0
16255
10131
0
11893
15319
11936
2756
9304
3170
1701
15899
5940
15540
1287
292
11182
18156
14394
5890
16430
3802
15773
371
0
20900
0
6739
10552
351
880
0
1241
13216
17223
85
0
165
411
386
0
18430
694
0
0
0
1558
0
25
0
0
0
18892
16827
18037
659
1701
758
0
232
1228
6991
0
0
0
6778
11188
3849
14276
871
0
18674
4938
8313
10485
0
13893
677
0
11451
8405
285
19212
8576
15429
8907
15840
18862
11794
8514
8442
1390
17603
319
575
0
9999
2736
4042
2488
5630
557
17251
18685
14302
1152
14334
0
7496
384
21189
3980
14
0
128
9255
11410
0
11287
1177
9488
18429
1746
8526
5974
0
16544
1390
19337
1563
0
10365
17590
18996
0
6415
3381
16349
18613
266
6823
1091
8825
14741
1055
301
0
15290
594
5657
4081
364
4886
19575
18550
16981
20294
20698
1118
13931
12832
19416
15339
4825
0
2542
3843
11678
0
2363
287
0
21355
786
16067
16972
0
11812
20701
20505
16230
18949
14555
0
968
18316
18624
13287
247
17292
1793
16551
10050
15448
18458
20474
10330
3665
20775
39
17751
8254
0
16417
14353
13082
15366
0
17274
449
17160
1707
12555
17129
0
0
3744
20313
9805
10118
0
3576
693
10485
6252
0
7336
19930
18894
3115
2332
7817
15685
18551
1799
17292
14237
13753
825
15261
375
16793
5292
16784
15949
11312
12476
3079
1447
7990
18923
12370
15869
3407
11473
21243
12363
15178
17196
6375
11627
16758
482
1495
6671
1605
20871
1032
12264
12738
14832
18790
4153
12271
13477
9929
18595
10488
11826
34
14876
15582
14175
14514
21735
10277
20899
11675
21996
15266
21765
2489
1996
10271
14785
3493
8
16096
7647
9927
8618
8401
13385
2670
0
15957
12010
5233
8076
6500
12948
10078
12657
16275
6953
97
9029
0
565
9581
12880
0
20087
4541
6503
12972
7921
11704
0
0
657
13358
0
1672
1294
20087
10732
17122
277
2094
0
0
15798
8945
0
14132
8013
552
9173
1654
4401
8820
12644
10992
8867
9310
10133
20783
12807
0
0
11667
16001
11290
3731
288
7203
1466
1813
9462
584
11539
8376
0
17517
1049
6084
16884
12334
377
10687
714
11522
9002
14221
5269
6
12154
8785
0
0
0
0
8085
15041
2309
44
13766
1122
15538
8770
8307
7389
0
16585
0
15687
10400
2100
1213
9355
5986
18441
13876
20803
17453
22649
12470
8355
3949
18555
0
13161
456
19402
1290
11814
2947
239
438
12457
145
1224
2087
3378
6119
17123
4040
17387
406
0
967
15280
13562
217
11607
13456
0
233
12822
10312
1450
3153
1084
21581
20865
13476
1861
15276
2634
15956
13386
14122
12918
190
1725
728
3851
7462
1398
9307
22163
1485
296
0
1402
15840
7716
16618
17184
15040
1388
14287
17515
10462
12748
20208
9855
14143
20325
19490
7624
2508
4936
448
17211
288
1962
647
9872
16884
18203
7240
12424
8697
13207
12140
597
2395
0
17823
3602
7327
16244
4420
14917
0
18549
14687
9678
4776
222
8673
21896
18805
17436
4821
20064
1803
3523
17758
12250
1266
0
2968
1948
0
18205
324
1524
7554
0
1160
12029
7467
3666
14429
10073
22461
7843
1257
11978
16400
20917
12804
10034
14389
4119
12214
795
18416
361
592
1322
368
182
0
14185
7867
19115
961
21877
1140
9013
21283
14894
22211
0
12275
14700
8992
12659
1261
1958
207
3137
0
10203
0
391
318
7820
22102
1095
1916
567
6177
0
14896
11311
20822
19279
5868
44
485
0
17008
0
15157
10867
69
12096
1490
489
11766
16743
0
7613
18232
10476
18159
15417
0
10912
22104
20823
2268
5219
15232
3937
18085
12697
11343
13959
20994
12431
6439
1380
17783
9650
19589
6317
15280
11315
15072
17177
8957
14417
2706
15638
15481
3572
13174
18364
19568
17100
3867
5971
20391
12456
11130
4202
6222
17930
0
19629
18708
2383
20341
0
16262
14735
12929
6258
0
375
1145
15444
2098
3151
0
316
6707
4018
19411
9919
10540
14771
13619
16993
4739
14825
10633
3628
20427
13932
15649
1617
5571
14860
17610
0
3442
1180
11012
2972
4235
330
3030
19490
7933
10228
14192
14540
13799
0
16024
13660
2774
14481
4393
12946
5220
0
15214
17100
11491
106
9391
10755
242
8799
0
13159
12493
1073
9936
17064
316
589
19470
4373
8907
790
12910
4406
8189
20125
16938
0
20096
0
0
13573
13840
4680
757
0
0
18571
0
10475
743
17034
0
20516
19457
13216
9976
16969
19986
0
9511
17674
0
0
170
301
3607
21163
279
975
0
0
18394
15651
15231
873
8037
7517
13275
177
13482
0
18817
16471
88
1561
14943
0
365
9609
0
0
15664
1684
0
0
12408
16568
0
0
2036
1072
126
17164
6628
19952
10606
13653
9457
10987
0
5965
16875
83
0
9832
5339
5211
21071
5323
12990
17517
4599
9657
11088
8461
11740
3922
9167
3725
9179
16949
9077
4821
8816
3247
8150
20560
16461
11552
5031
6729
4070
9827
20267
9370
5544
12779
4897
18484
1014
9406
11352
17523
17344
18135
17510
9183
595
8900
18998
1761
18353
12769
10563
11217
11705
18809
10793
11278
8004
18918
9141
8438
18660
14001
9239
16501
16701
17643
18562
4500
2796
1528
11423
10479
813
12579
872
5531
15875
4350
11131
19243
11589
5636
9429
10756
10923
7341
11810
1854
16905
9423
7164
19208
4499
5841
10149
19919
13475
1938
10039
19220
17366
15613
16270
558
5314
14274
13586
7823
11746
9496
1506
13325
8499
20689
2479
8102
7089
0
12867
12855
20345
12348
12684
0
0
11455
851
3339
5857
6728
13989
13587
16713
16059
1110
19634
4192
5012
15193
4241
19162
5738
14783
20222
4791
17536
4355
7223
0
7725
21386
10393
16015
11866
5673
14882
1396
1003
9908
14424
14217
2308
2008
12179
7960
19062
1620
13754
12338
5604
0
0
3333
4767
15079
5484
3606
4208
9871
1147
2915
94
14031
13604
336
11276
15226
12186
20463
14244
3807
16271
20377
10707
16652
14269
0
5756
21243
13392
15968
14255
3925
5834
2735
0
5237
3386
0
827
2439
627
6167
14462
0
18827
6867
1407
3110
21543
18236
0
16057
19478
517
0
448
0
1783
5239
15699
18605
0
1682
408
16515
16216
500
19138
5413
235
12590
0
16810
5747
15928
0
18820
19343
4789
21900
9072
17086
6179
14623
17912
0
10679
5891
15952
5915
0
0
0
0
18868
16866
0
13392
14079
12324
11109
17241
302
16217
0
0
1663
6244
585
20356
854
784
184
5777
0
0
0
1514
18079
959
2370
3425
0
238
54
1185
19360
75
1329
559
4669
14528
17735
1374
5721
8340
6951
17806
4269
8208
8666
1071
3214
16199
10817
15425
9882
6585
5497
18079
4050
11378
4372
5460
8345
16585
7309
7937
6546
15991
9956
18012
9419
11307
16896
2360
9380
16498
3086
8684
18097
9842
19972
2548
5134
6706
17024
6213
5929
11897
1067
19311
7827
10187
8127
9846
8744
11076
8180
1943
17321
5949
19844
18442
14132
11868
10180
3980
5597
4669
18307
12393
3995
11431
18236
12968
10735
7426
17117
11516
1263
5804
1706
12296
5674
3805
16822
9948
1890
18022
17257
9911
18540
2868
10447
2824
11215
18324
11689
8777
1114
3220
6293
3822
8053
4988
13889
0
17724
15573
18480
0
610
532
11101
17143
20983
3051
13667
8606
668
3743
6193
10840
0
5008
15082
16592
2547
13377
0
12193
0
280
16807
641
8323
12796
10609
1060
15533
3610
5875
18260
21531
0
1361
0
0
15664
0
15289
11459
21875
15587
16643
12916
14733
13440
18417
8739
17511
6140
0
13982
5348
15672
1134
202
7886
0
17735
11478
11517
204
4805
1236
14245
15325
3298
0
0
5915
1280
0
20307
13317
17471
6574
9224
932
5472
9451
5729
4291
16386
1075
9958
11
12327
5435
2945
1322
17129
4329
14954
2174
15139
13578
15087
6077
1346
15995
12718
5453
5932
17207
2917
14721
2850
12757
13470
1776
16952
7143
348
12726
2077
14653
12248
12080
14033
2989
1824
15178
14176
11106
1831
15022
5755
13357
17299
10066
14396
14916
16050
2737
13067
11827
1929
13533
2746
1597
18228
2249
1376
4832
13251
14519
15108
11978
16086
18098
1611
15907
4214
16611
12782
5338
3824
5059
437
6746
15650
14368
1871
13814
13790
16568
4812
12528
14145
15702
12871
15224
3725
2511
3162
14529
13238
14795
14571
16260
8295
4987
15397
13764
5746
6210
12926
20181
7784
11746
4916
9793
16674
2988
6470
3721
18600
7962
1215
11186
8164
11768
14812
4286
7702
9573
16928
12138
15461
7412
16660
16519
6762
22129
18193
11476
2061
8247
1313
10279
17021
8233
10666
15282
7752
10730
7862
10156
9237
7829
9509
9489
17822
9104
7500
9055
7899
1653
16348
18387
2376
11120
2995
3725
10490
11974
10014
3218
7070
8051
8217
1216
9018
9650
14226
5870
4316
11846
4596
2312
9719
8118
9171
16492
10971
12297
5211
17128
580
11368
4408
17000
17819
9934
3
11979
4943
16579
11906
6860
2292
17258
9622
0
16378
12231
10231
6117
15896
53
14849
535
0
726
12042
6075
0
0
500
0
5552
0
0
14356
715
9167
7877
4213
836
6544
0
5273
0
16055
4818
2994
14272
0
12388
4839
17586
0
219
8422
16258
3721
0
8250
17599
0
13069
17153
5866
18223
239
6224
393
841
15812
2937
12172
6759
21535
10681
29
11286
453
0
11769
7768
12201
16086
6338
0
720
1046
18781
0
18427
15381
0
7649
685
0
4218
8640
16266
16075
17363
189
3572
19537
19099
10073
7767
0
20935
0
1649
16308
0
16342
13744
16510
17809
0
14269
13854
5545
14768
1897
11685
17008
6710
7770
10646
133
0
204
14097
14466
0
8206
0
1455
1055
200
13697
1522
17053
0
0
18983
14271
6247
11712
0
315
4319
933
1606
11993
0
17368
13749
13771
130
9684
8570
20279
448
8773
0
0
120
15281
0
0
13853
20325
311
0
13357
1200
1054
16147
0
0
0
6393
5808
0
7490
12135
6450
897
13943
15614
637
12519
5595
13128
14818
0
12632
0
16576
20363
13883
10441
617
12219
0
0
19231
906
6215
17553
1535
1297
0
6930
20348
5020
28
20349
0
19888
326
16928
5959
131
216
0
14872
0
18347
916
18763
15918
0
1
4456
14377
8798
852
16323
19143
6743
17486
0
0
9203
0
0
15595
1006
17683
4969
11524
18990
4617
0
0
0
7876
9712
15495
4313
667
15949
7976
6706
765
6387
1858
383
10642
0
1570
18034
5159
19244
8310
0
8678
8659
17352
0
16686
0
12973
7788
5540
7411
0
0
642
226
398
0
6730
11628
18832
7817
20739
12169
483
0
19911
0
232
9666
289
9287
6055
17779
6027
18622
0
18144
6917
321
11102
11578
0
8420
0
671
7734
14534
3392
16280
1546
18410
8012
16238
4331
18943
0
972
0
375
13403
0
6029
20459
15188
621
2553
14427
16368
16358
13814
20401
5087
528
12524
5190
0
671
16471
724
17357
7181
848
5537
6433
1411
6058
0
16714
0
11329
8957
13098
0
0
7281
17268
14224
4361
7457
6190
0
0
11130
0
10565
0
1544
3259
8973
21100
8626
8816
13713
6508
0
5153
0
5160
11210
3967
16362
16963
6714
0
9119
12037
15795
12604
829
16092
0
16681
17250
11127
7087
14277
14507
8172
15616
18217
331
8462
16200
17144
16730
17493
14790
16771
9984
16066
6632
14511
15918
12495
3877
13405
4159
15140
14057
17324
15451
15546
13010
13691
16465
1529
8573
3777
12052
5034
13232
15674
14006
12074
5443
14859
14539
12584
5871
13098
8878
4021
14034
16083
5367
2636
15507
7042
12436
1794
14393
14011
4342
15358
13298
18540
5861
14309
14157
11478
15670
3796
8449
13468
13591
15691
8776
6180
13796
13275
15507
14907
2999
12382
13549
12433
15821
16079
12234
15392
7998
12749
2752
4192
14274
15112
12945
13974
12901
1637
15680
1421
1477
2639
3991
15084
12658
13418
16984
12250
13325
15049
2613
0
10722
13290
0
18253
19861
19806
13465
13127
187
6173
15460
16778
503
16632
7156
14203
15204
1884
876
4372
3982
13014
4942
17948
12763
18957
0
18823
18681
14823
12405
2418
15737
8067
17037
16005
2242
16842
10612
1577
13964
639
14126
2132
2100
18288
619
14673
17391
0
15907
0
2623
2090
14952
0
5563
15711
12337
12499
1064
14581
15790
8792
18231
3185
16130
13923
9374
15464
3604
18356
6042
18522
0
12230
17029
14430
1772
8297
16824
17152
786
13107
13979
14024
1556
317
21580
388
4336
13615
16710
9395
14614
18697
16109
4814
14821
10681
18178
3756
3766
17702
1293
14187
13254
15019
3589
2181
9124
16906
15877
2846
16574
15623
14729
17750
4277
2338
3366
15782
3552
8678
17785
15538
11980
3655
1621
11115
12968
16208
12152
16171
14550
16109
14650
16815
10356
9152
14450
16604
12507
9174
14444
13270
2009
12800
13984
14171
16807
13243
13705
4093
10411
13014
16349
13404
12357
15106
2488
18194
20272
10466
15730
14024
4369
11393
2102
16213
2608
13680
2514
16322
17074
16083
13897
8637
3442
2524
15697
5278
16725
7395
12406
3783
4206
15040
12951
4069
16154
11911
8680
10603
14365
13795
16192
13111
16450
13614
3216
11963
16841
2958
17158
12716
12823
3600
15329
15452
14601
11027
12214
1856
15778
7993
14204
4078
2543
4771
15808
10317
4027
5189
14061
6161
12988
3085
13543
15474
15453
15738
18342
9604
15089
4816
2764
6765
2496
7086
16731
15640
14528
3904
3155
15661
3410
17932
12904
5069
11236
15113
16785
10002
14007
14505
11521
11527
5429
5607
5738
11080
12801
16800
3811
15465
11678
8763
7399
11583
14671
14647
15822
14397
4261
4808
15367
15779
10387
16409
1072
9314
14842
12095
17725
15784
3155
5450
3524
5176
18823
14806
14415
16213
16757
16263
1988
11264
17559
11881
622
0
1292
4671
1606
13225
0
46
0
0
4568
7893
0
579
0
204
17490
0
10164
0
15737
0
455
0
7249
574
6457
0
6336
5136
7610
16327
9555
12691
0
6456
0
21721
582
19330
511
191
0
0
409
0
5856
685
0
19204
825
14814
20515
11505
0
19889
6161
17103
12876
8740
5119
218
10
0
12888
6163
0
4448
186
4119
0
14037
0
152
0
0
7881
15247
16741
0
571
9629
0
16562
0
11771
985
5408
0
0
0
19995
17032
0
4445
8100
0
13106
636
17865
6726
12613
13328
15760
2527
0
184
9692
9402
1486
232
0
0
435
17196
13717
21082
451
0
12233
0
1677
20045
16545
385
4083
362
11207
8958
22457
14272
18850
4996
5985
1600
15905
4706
8781
17580
0
10564
4411
10597
7441
0
16308
2106
19765
0
16605
5598
137
1043
1350
414
10276
0
15434
755
14610
0
5556
7798
17739
0
12183
9805
9165
5108
0
1003
157
6935
7004
16867
16468
18740
12437
0
16113
8976
16755
17621
5836
11284
20694
866
17940
17290
15005
1059
5853
5906
1193
6856
18583
7267
265
178
14126
16598
1308
9823
15303
2389
9696
1250
9770
17067
0
533
16144
13348
3974
3325
13268
21121
14221
2417
7975
13256
1717
14700
3749
8651
19414
3308
285
679
16984
15633
4781
5661
14321
14665
6084
15561
13492
20651
17732
3779
12806
1287
1030
20874
7646
6595
9232
5968
7132
8767
16728
911
2101
12324
13472
7129
14009
0
12547
464
6045
0
0
6384
802
40
17422
5481
15904
12701
14464
6036
5389
12213
19487
13822
11212
13226
1799
122
4867
18549
12308
3838
8652
15758
8999
0
1290
0
14195
12260
4211
1260
17308
1984
8306
11846
1501
7372
0
8689
807
986
0
460
1284
4081
841
0
18054
16329
5004
0
14915
6205
255
5498
0
8462
16704
0
0
2990
17967
0
13914
6113
6105
677
5493
11514
315
0
621
6979
9054
0
650
9787
9053
0
18710
0
9075
0
5380
1626
1089
18
18311
0
0
18413
1816
0
0
0
0
6110
12697
1191
181
588
0
2116
444
18402
17100
334
6149
18705
19661
0
0
0
17409
0
10060
18219
536
563
18496
14412
6568
5815
19364
18520
15912
0
4269
8544
14394
4582
0
6146
5648
413
6224
12419
17686
4995
9512
1911
8114
11215
4915
16709
3053
10417
1792
3199
14791
3918
5785
10570
17658
17444
16104
3934
1873
16521
17804
10611
5421
1656
16801
4601
18159
5637
19567
11397
3090
17272
14875
2721
2926
16101
2843
10314
6173
1298
4242
5406
19907
0
3750
7676
13211
14217
17866
0
2170
17115
8130
1424
11086
19864
3667
17855
5570
7791
2311
19399
9838
13382
5389
7259
8504
13901
7195
8365
10395
9335
18440
6858
6260
8562
12340
7069
5937
13863
11380
3886
16362
18089
18425
7800
14967
17331
3516
17981
3704
4578
13516
8833
9825
9576
16467
13648
11224
10477
11914
484
0
11564
10875
0
0
14484
16773
2151
7043
0
18187
12209
18697
6989
4795
13146
11494
7170
13728
392
17848
14825
6004
15624
5780
8614
16945
2646
1369
12447
8714
15193
0
18102
14174
19789
7296
19578
16836
19095
0
10329
12068
10488
4561
452
3558
3251
2792
9145
8475
20560
601
16691
13760
17864
1990
333
17215
11651
12658
0
17887
12121
10891
14403
13932
16833
13150
10116
7047
13968
8618
18701
21290
0
0
10871
9794
1987
1859
15687
8591
5312
4475
17951
8700
1484
0
1361
0
137
8986
0
0
0
10984
0
0
1211
0
633
20471
9164
0
18752
1027
19524
14155
15073
18279
2536
14467
2114
8408
15168
1013
0
19637
1488
0
13519
894
11982
12654
7974
0
16198
16003
19946
0
12407
3134
0
0
14716
16129
20546
677
8098
399
389
9195
2211
18437
1272
15276
12933
14377
16126
9737
341
11505
0
14434
7981
3118
12080
0
643
0
12886
16872
43
7047
10094
7781
11414
4394
8571
21114
11457
14518
0
12923
18066
9792
17622
11385
11566
1387
897
10498
9037
181
10965
18881
6549
0
12943
2691
0
0
7283
13139
13734
876
16077
1522
19845
13692
8404
16779
0
1899
11591
11519
18817
9167
7221
19432
10332
9333
14786
3852
2164
11906
9867
1600
13279
14454
3914
12993
2190
9403
8172
1160
16820
16792
21449
2194
1607
14975
2248
8679
6783
1507
16708
8469
3057
12370
9647
13064
777
21087
14814
9742
6772
2953
12083
14866
16651
7402
9092
15727
3007
19427
8629
9339
2279
3988
13708
4974
18624
0
1591
14256
18302
20440
14651
4489
2194
10031
19143
13109
9634
10194
503
3059
2008
10125
2081
0
20400
8300
8721
15009
10329
6171
452
10700
21678
14028
10756
564
7081
316
22827
20316
4124
3335
5992
21604
2488
8553
316
21368
16729
5953
13526
6332
8215
0
11530
22683
0
1799
19450
18590
3092
510
3419
10676
9928
11681
8962
0
0
5689
9678
0
14618
14544
0
23737
21319
19573
14564
0
293
5307
20617
22161
5782
400
8480
0
18351
0
19889
13992
19470
2247
11390
15901
19401
0
19496
14941
7313
3422
10104
1964
20000
3243
0
4641
2821
7115
2442
0
20096
14252
5856
7838
17296
6996
0
214
2604
1643
19279
9800
18651
227
0
8115
10278
18613
19181
8702
2530
10978
5387
10969
1589
1877
13606
10869
13694
16956
14255
6585
7833
8162
15645
7704
1487
665
13886
1724
1939
10895
430
1641
7087
20130
18513
3418
16441
9930
375
8277
732
2563
283
18883
14063
10375
19586
20064
609
15257
4479
13006
3891
7285
22667
19327
16129
14671
911
5548
18824
15793
3840
8613
4989
1217
6693
3531
3228
961
17816
1588
18349
10065
6966
10666
20937
11810
5679
11337
9984
13354
13957
3016
1463
3379
12965
15814
217
9246
17831
14864
11124
21877
20649
7945
17306
15253
15122
16069
13335
1780
4542
15109
16013
17566
2981
243
13772
3075
3658
590
14709
11735
1637
0
1017
12
0
352
11879
853
15134
20
11598
0
350
0
13684
374
12228
356
6266
15338
10943
10363
1135
9058
0
1080
0
14442
8675
15635
9806
131
941
6902
12604
14785
0
13524
11273
0
15356
1926
14566
1257
12176
0
17052
0
14146
0
0
253
158
22
0
12571
16520
0
377
577
6448
1529
0
13520
1519
4561
0
16463
1724
0
14115
0
17119
13639
13356
0
4593
17681
857
0
605
0
13680
0
12289
14276
16656
10508
9360
17741
0
0
0
14337
11840
1135
16372
17732
966
8014
9890
10497
7568
472
9735
2072
17828
13690
11989
4522
278
4994
0
0
20747
3362
2992
6588
18516
18306
4819
2623
16879
3318
0
0
5835
13470
4551
2292
19292
22470
21576
18798
16022
0
7597
1303
6608
2133
12593
3305
8692
0
3790
18888
7300
6429
9134
18950
19571
15178
7735
9567
13505
17845
18089
7859
8821
6581
5238
5748
3554
2584
1986
7206
13378
573
6530
3925
821
4950
10125
5714
6424
10221
11803
18296
19532
0
0
2855
10299
8622
12993
20267
2402
0
5370
1217
17892
824
8892
3737
2450
4271
17263
8926
0
16742
14649
15775
4644
1433
17448
12358
9959
1133
875
18547
1603
2671
14115
7294
3110
1290
1585
17523
8032
14622
10063
7833
13429
925
11801
6265
15162
8863
4175
3037
3796
18644
11411
18555
19353
15535
8565
4748
5730
16674
1561
7338
4181
495
11540
19639
2316
11363
10185
17781
8189
201
7890
12099
12551
9482
0
10807
0
15260
18737
19110
2732
0
9731
9428
11471
950
17745
0
17618
1232
3162
4152
17390
14674
16581
0
0
9276
11186
8630
10319
0
12082
933
3120
2542
13735
12001
7244
14073
11147
7319
3215
2270
4143
9405
8693
676
4127
11603
10489
14890
1700
3018
18555
1469
10437
3026
17283
2747
6575
3787
14676
1552
4451
18610
4669
9083
11020
1712
3928
9454
7890
18649
10543
9695
3325
15706
18421
17717
17143
853
13333
8468
4439
10847
1760
2361
2747
17790
6090
12058
581
1710
2164
1878
12471
3399
18429
3379
10209
17576
11540
4159
15835
16597
4721
3442
11265
16895
0
18855
13655
705
2601
18031
1712
17534
18854
11704
15346
1190
1580
19016
763
2279
16319
16097
1343
190
74
4702
3082
16099
16213
8758
9062
17593
8861
18796
940
489
2224
1153
15871
18879
0
0
6149
4386
1039
310
0
0
0
714
1071
12039
0
183
5459
499
20302
13732
16736
162
4870
0
8845
17895
0
17397
19701
16608
10861
0
17837
0
10217
7353
16238
1689
851
7945
7951
1186
8268
8438
0
1843
0
19111
2258
9631
8014
0
16852
0
763
881
0
419
4750
18608
6351
8385
0
0
4849
1642
148
13726
0
782
8043
0
17558
287
6505
0
10220
8535
4847
1233
12008
350
20012
19710
16460
18339
16524
20138
7730
1739
0
2843
16668
1505
18010
18720
3738
10645
0
0
186
0
759
12065
13270
837
4990
13920
0
12884
12602
0
12635
799
13600
495
11120
12655
369
9440
1145
5921
9316
0
0
0
0
12238
0
0
24
3392
583
14759
1369
629
11329
5663
12338
1004
10838
573
396
0
0
9018
1452
16517
10199
43
9236
0
587
0
14759
13825
11811
2329
7752
11650
15151
11424
15704
0
13194
5283
17063
88
367
0
0
22
15451
167
0
0
11587
17103
267
6635
0
1876
1478
16401
2045
15397
0
0
0
0
3511
0
15571
1390
15499
452
0
642
10389
6343
1479
8500
16462
1576
1591
7076
16125
3546
7824
1841
2499
12157
10825
14578
6275
18807
11584
2859
16002
14780
471
3391
11595
10893
14087
264
20397
16888
8796
3927
15474
862
10904
20746
19493
13279
16856
17399
2041
5500
13130
10698
11146
3234
9145
11284
11453
7014
3426
21104
1592
15674
1135
11795
11182
16805
20019
22607
17094
20068
17326
2820
18844
10667
7102
3278
6788
4550
1
16518
18690
15700
15893
0
4472
8975
1249
840
6570
10912
2433
2055
15985
7677
1651
2114
2897
2900
4583
13608
15069
8966
7542
0
9668
9833
1881
2686
14620
17889
4196
9752
0
0
0
10020
9070
16330
3
1803
0
12379
0
12769
8818
16386
78
836
15181
11753
729
488
7164
15348
0
1057
0
0
961
737
0
0
18916
9496
9082
0
18160
14911
14678
10254
14599
3521
1539
2304
17582
16430
6707
1075
11319
12577
1164
7370
18152
17475
10904
10514
2399
6571
9628
1190
1072
0
0
10516
741
0
17195
647
13511
12499
519
12524
8751
11420
1863
0
15616
0
931
0
8739
11347
12077
12078
12043
1800
14560
3948
12301
20211
0
5489
9629
17859
4308
1030
12107
2263
0
9644
13951
10424
14125
1780
5426
6824
2650
0
6083
5058
5836
1687
10124
1802
915
10046
7206
0
824
17245
6656
11408
835
812
0
234
17473
11076
0
394
7341
4726
21184
645
21756
17173
0
19651
15740
18767
19080
2823
13518
2443
6884
12076
12143
624
16347
5330
6191
7413
10979
0
8507
6991
12163
17404
7187
2939
4534
17436
10729
12717
2848
5241
8870
4616
3609
2975
10552
5885
4070
17807
1016
1869
6134
156
659
17730
5840
5830
15114
5352
4548
9716
8866
2053
7702
1215
16578
4512
17625
576
0
2837
21792
11771
0
635
11241
8618
0
790
1068
7643
2416
0
618
0
0
551
0
10064
0
1241
0
10145
13234
14860
9929
12534
17350
14228
16671
18121
0
11189
19085
0
0
10540
13770
13628
0
19130
0
3765
0
14277
5765
0
3808
3614
11185
4018
12238
1194
0
14927
4466
16875
249
14143
14295
2496
15400
653
13455
2649
362
13701
14475
659
14964
11873
16914
10111
12169
531
16
1155
15502
1246
19356
13634
17849
11556
14544
19474
5218
12548
16966
14612
13749
14542
10630
5239
4368
15777
10483
16162
375
1346
0
12621
10634
14116
8718
4041
224
0
256
0
144
1569
0
0
14069
2414
0
348
14305
16524
1800
0
11517
10699
0
0
585
0
10678
0
404
14537
626
883
7764
0
0
0
5477
12084
11625
859
4316
0
2170
1195
1277
14907
15446
14089
15439
743
12627
0
129
17034
14052
9665
0
0
1450
13418
8630
558
0
11609
13744
0
15640
9549
585
11933
0
13813
6526
7502
1025
253
0
15213
0
1102
16107
15851
0
0
14219
207
0
13827
9121
0
17593
0
0
0
274
0
0
0
0
2942
0
9847
879
15951
1172
6067
2316
15031
5223
5537
8588
2371
11133
3306
5862
2603
13425
5885
18638
11589
9018
8321
20478
10773
2190
18812
16102
168
4291
3983
15847
16047
24512
4323
9836
10230
18194
260
4404
6910
18842
4195
12802
11685
17198
15795
19933
19833
20778
3970
9140
10167
21973
2925
4421
5577
12400
21649
16828
23152
18054
5641
4060
3584
13634
33
2507
19188
18821
20442
4169
7273
9540
17863
8957
579
2933
21192
6502
19189
15171
15241
181
9853
3638
7731
19847
11031
10345
10266
16560
8071
1833
11097
13608
10996
20931
17733
3966
2627
4450
10488
14503
9132
16962
18298
10225
242
16097
4800
4332
7306
15050
10273
3229
1828
0
11482
5603
5516
1820
7908
0
20388
6154
8547
1846
20388
19107
8971
18454
1751
2213
4917
16061
9918
8061
18803
4600
8802
10607
18279
11917
10198
155
1651
6108
16989
19190
7361
8748
3916
9875
3742
6945
3026
12883
0
8902
515
7967
19131
7306
11640
6948
6422
1641
0
1712
4579
2920
3875
17669
21459
620
15294
6442
21333
4458
7573
4219
7966
20279
4650
20006
1426
3593
5422
19934
4500
13837
4712
12947
11578
11882
0
20649
20006
7218
3492
1100
7576
6370
5867
18754
16228
8878
13386
2263
17633
11825
7808
12378
0
8063
18546
1739
300
3340
15535
8100
0
12843
17403
12068
0
12849
14113
12740
809
19373
10470
15752
0
0
4233
1967
2014
39
17424
0
5240
16187
7276
17094
0
17107
864
11254
1909
10072
14591
10176
14508
10817
8289
11014
8163
10147
15664
9338
0
0
14485
703
0
18369
0
18830
12216
16810
1164
8446
3069
15795
9233
8575
16782
0
3182
11556
15872
14371
0
16013
0
3241
4009
17620
2104
10060
15837
0
17963
0
14521
14586
14988
11563
601
15962
8350
10117
12655
7913
8812
673
1853
9228
11676
16499
8246
0
7408
5604
76
8767
0
1584
0
16807
10782
0
17896
304
7292
9974
9183
2795
0
7298
9335
0
0
17186
16281
16100
10277
630
8970
0
0
15359
514
8490
0
768
44
1364
12224
0
16043
0
11620
12417
4574
0
0
1382
0
9619
18678
0
0
484
0
0
11682
1358
19179
18850
0
0
15778
11263
6942
0
16051
0
1160
0
0
928
194
493
2876
12900
871
174
9498
15165
935
599
0
15388
0
6292
7303
11403
2893
790
10356
1127
11295
0
18168
6282
0
17564
12420
10449
8211
8298
18738
2986
13740
15139
3010
12526
9130
0
7685
8068
9170
14012
19595
0
0
17716
19885
7536
18009
12106
9400
2672
19005
3508
15580
3547
18254
4475
15764
0
67
15100
13318
5621
372
10301
4295
18381
0
14415
19994
8613
10818
6045
0
5358
8164
6900
16041
6271
7159
16744
14514
16042
14912
12937
0
0
13019
99
1106
7941
9922
0
12128
8956
15827
16987
11132
2094
387
4548
371
597
16949
13855
13320
8443
4573
0
15857
9035
16119
592
15664
0
11197
16317
10711
686
4536
1243
8762
16567
0
1802
18852
7962
0
8996
4632
12154
16940
15394
0
14457
1343
13143
6874
10806
7956
9954
10616
442
15138
14412
12751
0
5123
13900
1727
718
0
0
3072
16946
6415
14067
11734
7441
3774
18
0
14075
336
14443
11183
5155
14756
9001
18
4745
10260
16627
13277
7418
4442
0
13664
6024
17085
16607
0
13931
0
5991
7579
3262
126
481
4710
14022
0
13572
9841
6862
14578
7514
13554
1020
12922
14874
16045
4833
4653
18931
17295
12910
15308
17757
17645
8763
0
609
0
13884
13164
10750
127
12212
869
7965
6060
0
941
0
5370
0
7484
14155
16173
18418
0
221
6594
0
3642
9016
17305
5103
4256
6100
6782
1341
14082
13152
13621
10841
0
348
7348
12301
9753
9891
6846
14116
17341
4855
8381
13695
0
3499
5381
18513
13763
104
9143
18863
0
8948
19589
3740
17962
19710
13411
16423
9828
1145
6241
8274
2684
18220
8014
16738
0
4412
7719
8688
15875
18011
3034
0
11025
8739
13134
72
2781
778
895
7036
0
13124
14063
13449
0
7135
7674
12305
0
17187
8216
16448
12886
15658
329
19205
132
18407
0
17700
318
19479
11676
4683
8999
6336
9974
11053
12278
1505
8879
9513
10590
10521
825
8865
14630
15459
0
2385
2144
9307
18591
1861
10036
2225
5056
6716
16140
9118
10836
4558
12163
13275
14916
15027
13048
17936
12785
7555
13643
11938
4511
9494
11254
5545
4394
2202
10980
2101
8885
3487
3846
3538
10593
6063
11656
5505
9625
10149
4960
665
21570
6777
10408
5731
8375
8869
4870
1994
12853
7925
0
9911
11562
6420
7759
58
14213
2353
11589
0
9616
10917
13452
6236
1477
2963
6649
7100
11671
8290
326
9194
20528
8997
10159
13433
14967
13121
992
15564
6102
530
13579
10080
0
9229
2713
11985
4964
139
0
842
7990
8314
9345
9662
4000
4059
16434
173
0
10644
7888
4511
9867
0
700
0
12421
12490
10125
11498
7916
11910
12506
9983
9125
782
10765
0
11104
3679
7593
10868
247
13874
12106
11043
2795
2391
9719
3794
1717
13554
456
0
805
16136
10257
46
11108
10282
634
16663
499
0
0
14122
13265
11195
3381
6296
2046
1051
2830
16073
11340
9176
4996
7181
11340
8141
5840
11281
9630
2034
1843
8114
7091
5966
9202
1713
14600
12955
1553
345
6157
0
13161
10108
1707
0
6777
0
671
0
9210
2539
975
17977
8602
2047
356
13804
14053
0
0
14670
13820
10030
2708
18168
0
4954
16079
21058
420
2528
10205
10417
19588
17820
0
6119
10090
19646
1129
12945
440
8071
13729
13940
14766
0
759
6777
5759
307
7318
5261
7910
853
2360
19301
9750
0
6267
11045
6569
8995
0
12234
3401
11696
13716
0
0
2818
17961
19499
1635
21570
7010
0
326
6745
60
9610
7884
19626
16137
6489
10318
16527
6911
8450
17275
534
4952
1949
10883
1556
14075
12056
13653
21115
1059
18921
5815
10307
311
11949
15854
13393
13186
14510
17765
15002
0
6116
17489
3616
12295
19141
12986
5849
9744
579
4722
0
2287
254
13141
18232
88
8661
17890
832
13660
7953
14138
13450
0
9409
19807
4267
19468
0
9196
4589
9688
4736
10946
17741
6878
12030
13604
15827
2043
13187
12803
15089
20418
0
8994
12118
20542
12311
0
6525
10967
16546
14471
7180
3834
6800
1904
6135
3321
7202
4292
12820
18354
13182
15836
4911
11909
10228
11916
8601
11506
0
5131
11586
15980
3117
6011
12317
2020
775
17815
19370
12672
18394
17295
8894
8139
10158
0
0
9089
7444
536
8916
1691
286
8774
8949
0
18785
838
0
7663
9510
8067
11047
0
10719
15823
1256
0
10182
7708
6436
0
6336
0
7777
286
4863
16152
0
181
13170
16236
15284
6544
9709
2329
1863
8327
936
436
2577
189
20256
20496
20730
22357
8700
1051
1196
0
0
17432
0
932
6117
2935
9477
149
18109
18914
0
7684
4517
995
12126
450
18279
6036
15021
13990
266
8038
22697
0
1110
0
16361
6334
0
0
8232
1344
599
424
3417
4983
8546
622
13838
8868
17978
18267
8316
16322
17350
17162
10185
6627
0
451
11179
802
803
1249
1669
565
0
10697
1350
1117
916
9020
13820
6600
0
6207
498
0
16826
0
7313
15520
0
0
9135
12433
16655
0
104
14188
14803
0
421
866
644
0
12614
0
11018
12828
0
13966
0
1913
1304
2111
10494
1287
12531
0
15258
652
9652
1018
13570
0
12643
2173
535
0
4690
0
483
4898
713
5646
41
1225
15341
0
8539
10825
1679
0
497
12849
514
11086
15805
0
760
0
0
309
1394
7545
11560
14289
3756
508
751
2197
424
0
16743
1186
0
13421
14643
15110
0
1321
13375
656
13281
1387
929
0
9985
12488
13715
1255
0
408
2093
11652
3675
1132
1228
0
0
4989
17127
2086
0
0
12426
0
70
10053
386
13727
332
0
8337
10516
12638
1019
13125
814
11788
13399
9982
987
0
16097
0
12665
713
0
2912
322
14447
13001
6464
10655
0
958
12799
0
0
15833
8840
0
624
0
17375
0
2101
11408
0
0
1115
13985
0
12512
0
0
0
10911
12404
13191
4103
14448
5667
0
0
14283
297
53
10704
13927
15528
11166
0
0
10626
706
20631
7434
10946
10331
10140
13645
1895
646
10172
2536
18637
0
0
20500
0
16584
0
3759
1473
0
0
15392
13754
15346
919
11924
7624
426
120
3214
0
182
8818
14511
33
12164
1147
0
17779
20593
0
12683
659
15634
16768
0
11005
13986
0
984
7309
0
9049
7322
16118
175
0
21916
2425
15841
15131
0
2403
5317
15340
1965
1825
7981
4289
0
0
1036
16506
1173
0
733
12366
8695
1559
1785
16510
18176
18865
976
17250
16678
1170
17974
16377
18316
10444
7809
6039
9083
18099
16997
250
0
9536
15162
15173
5379
13488
1058
0
9290
478
12011
0
4114
16979
13446
17824
13675
12786
1422
954
13200
342
2757
8108
9157
482
8600
0
0
12667
527
0
0
328
9256
13759
3673
13907
9594
13315
830
2510
13783
3897
13248
0
12344
448
16597
17650
10993
10425
1572
1734
0
377
15476
1106
14820
0
483
528
8844
0
0
397
13213
434
703
10597
205
1510
0
2357
0
13674
12568
8751
0
0
14168
14543
613
0
6853
1273
410
10563
14802
13148
3076
13433
1423
13608
0
2670
0
10803
0
567
7571
0
5729
14745
19728
11536
142
20343
19008
13441
8430
366
14525
4546
9576
11816
17950
6922
8314
10355
12323
3612
20956
0
0
8335
143
12640
11206
11712
9184
14063
16795
4517
11974
20255
11203
10900
10392
16353
8005
12804
3672
10435
13667
13323
14836
5491
12657
1924
10183
12288
11188
1071
629
9424
10678
1443
4850
4955
10587
19856
10588
5673
200
8166
2991
2687
5369
7604
10627
9756
10110
18328
17727
3022
10662
11361
5555
11582
10357
6096
12244
18061
5178
9402
9334
17030
12335
437
16455
2812
9689
10322
1225
14801
13255
695
7546
3130
3693
14485
8788
10674
20865
11742
4402
9131
2823
1426
17052
12288
14611
19134
17415
1994
4827
1727
0
15429
0
4027
3314
10939
3937
10001
10495
8901
8035
17233
10333
140
5017
15425
4143
0
16189
4694
17324
14652
926
1128
14733
820
65
17117
6618
2530
2228
12154
10391
585
2150
0
17417
189
19062
13795
13111
14965
14016
16587
239
16258
10040
15737
4028
4884
20067
6872
14238
11114
19
9291
306
12034
15849
291
17667
18400
3987
11339
11511
18556
8912
14078
816
9286
13277
7417
18557
13279
5066
12821
0
15911
6430
12135
10247
4646
16207
6777
0
0
1028
40
11311
0
0
10271
15227
15978
3672
16463
719
7180
28
12643
601
15134
0
4267
10293
0
12768
1244
10019
9887
1364
5089
13791
1863
13750
13549
13356
0
0
13010
12203
0
14247
4872
14916
0
0
11023
0
7566
13659
812
1113
366
38
12855
9303
0
54
0
0
11705
7476
2972
12858
429
3527
11607
12986
850
10221
52
18078
186
647
16945
15121
187
12553
0
0
9286
17337
16299
0
2571
0
436
15853
2468
0
0
16258
12497
14811
15430
48
8693
14440
11672
357
965
0
3038
3360
18360
15629
7552
1031
3482
2066
3308
0
0
823
1852
11148
18087
6921
14020
9978
5780
2812
14349
9475
10144
9810
18801
22298
11063
3054
632
3894
5615
13114
13108
2429
14313
13524
11632
10411
1401
0
8160
1602
6881
6122
11514
14630
5326
0
468
13866
11725
8704
13088
4338
14567
11827
15573
18748
6877
9997
13485
12318
17215
3211
9221
12363
4752
12444
9433
7882
11174
14294
286
11619
13472
5135
4818
11431
387
11319
12077
9339
8076
14750
11993
2389
14572
8123
12055
8546
11168
15610
11731
9327
5050
3138
4604
4366
8365
16494
11339
9683
8992
12160
0
11500
11286
0
11323
7712
12918
6450
8138
3364
18377
1509
5161
5469
13558
0
7877
0
2589
15206
11442
1009
9661
11773
7753
16562
19131
11666
6731
17814
9771
1449
17580
17112
14898
13923
1660
20311
9555
0
5383
315
5771
14953
19315
4865
20486
295
7671
899
3633
620
17166
13770
5709
10488
0
0
15299
3267
0
5870
0
10348
12902
0
29
10677
11923
6318
13503
3581
0
18591
19815
15279
83
9124
0
0
18425
12320
244
15623
0
404
10800
0
1218
0
11684
17147
13576
14536
17741
12562
0
848
4320
11308
0
11868
11183
9042
8816
7768
65
245
10048
2517
334
14716
10415
0
8620
9168
11707
671
1755
661
0
0
10035
0
9140
10432
10519
12134
164
642
0
5895
920
8698
16949
12586
2007
8701
960
367
511
13761
7524
13835
8618
548
6
97
0
0
13596
7955
9240
16196
8474
12173
9440
8760
0
9201
8169
12677
2432
12960
10949
13529
13511
12741
5422
8498
9323
0
12703
8350
5226
12748
9855
8108
1134
10662
7232
2621
0
0
10955
8972
6877
11415
1823
0
6433
9774
1985
3942
5466
14578
6835
9392
0
0
0
5615
8844
10934
11807
16819
12826
11436
185
11620
13555
0
8080
3411
11099
14190
17154
6998
0
11401
0
16708
0
5685
0
1264
7651
1007
10331
5017
0
6447
1587
18556
13304
1803
316
105
11543
0
8935
14742
13274
0
9441
920
0
563
142
10031
620
9367
18280
4971
1012
5897
730
317
11084
0
0
14022
440
0
120
10489
7155
212
425
6080
0
16119
0
11572
13755
0
14250
0
0
752
11474
7104
10680
5459
17217
0
0
12615
11699
0
11068
6817
13835
12748
253
16044
10862
794
10915
316
255
892
18381
19315
1597
7655
12806
87
17770
0
1220
16968
6077
11845
16810
0
14447
946
14510
15423
17847
11572
16578
17080
0
1163
0
0
0
1712
2828
0
0
1177
1017
9262
0
0
4983
17325
0
6042
8013
9669
1043
7545
7525
264
2058
6256
0
12491
899
22079
0
0
0
10754
887
10195
0
1747
780
495
11468
12196
0
619
20548
14397
7089
0
0
0
10791
0
0
20870
10177
13611
3958
9223
21153
17404
316
11008
19031
739
167
15482
0
16888
401
9666
17519
740
6174
